P 9.79038484499 5.96975544275 0 3 4
P 13.1356181899 1.03751498723 1 100 5
P 6.44515150012 10.90199589825 2 100 5
P 0.0 1.65447896703 0 58 1
P 19.58076969 10.28503191845 0 58 1
P 11.9759007413 0.127496796633 0 69 1
P 7.60486894864 11.81201408885 0 69 1
P 4.7522573617 3.49703880407 0 48 1
P 14.8285123283 8.4424720814 0 48 1
P 14.2841027961 6.08210075195 0 82 2
P 5.29666689384 5.8574101335 0 82 2
P 18.723335747 4.85456668087 0 6 4
P 0.857433942973 7.0849442046 0 6 4
P 18.5531856352 2.82540741205 0 17 4
P 1.02758405481 9.1141034734 0 17 4
P 3.26063693679 3.182193349165 0 47 2
P 16.3201327532 8.7573175363 0 47 2
P 6.90102467326 0 0 49 2
P 12.6797450167 11.93951088545 0 49 2
P 18.7471954024 1.308399717125 0 28 3
P 0.833574287561 10.63111116835 0 28 3
P 5.71885411853 0.76555582822 0 11 3
P 13.8619155714 11.17395505725 0 11 3
P 9.79038484499 17.96975544275 0 3 4
P 13.1356181899 13.03751498723 3 100 5
P 6.44515150012 22.90199589825 4 100 5
P 0.0 13.65447896703 0 58 1
P 19.58076969 22.28503191845 0 58 1
P 11.9759007413 12.127496796633 0 69 1
P 7.60486894864 23.81201408885 0 69 1
P 4.7522573617 15.49703880407 0 48 1
P 14.8285123283 20.4424720814 0 48 1
P 14.2841027961 18.08210075195 0 82 2
P 5.29666689384 17.8574101335 0 82 2
P 18.723335747 16.85456668087 0 6 4
P 0.857433942973 19.0849442046 0 6 4
P 18.5531856352 14.82540741205 0 17 4
P 1.02758405481 21.1141034734 0 17 4
P 3.26063693679 15.182193349165 0 47 2
P 16.3201327532 20.7573175363 0 47 2
P 6.90102467326 12 0 49 2
P 12.6797450167 23.93951088545 0 49 2
P 18.7471954024 13.308399717125 0 28 3
P 0.833574287561 22.63111116835 0 28 3
P 5.71885411853 12.76555582822 0 11 3
P 13.8619155714 23.17395505725 0 11 3
