P 10.8610999588 5.7538991641 0 142 4
P 19.4857175771 3.33246635569 1 100 5
P 2.23648234046 8.1753319725 2 100 5
P 10.6859199111 10.9277365875 0 85 4
P 11.0362800064 0.58006174068 0 85 4
P 20.0403626946 7.13187142985 0 70 2
P 1.68183722295 4.375926898345 0 70 2
P 0.0 7.41307332025 0 25 1
P 21.7221999175 4.09472500791 0 25 1
P 18.935977907 11.07250822105 0 70 4
P 2.78622201053 0.4352901071065 0 70 4
P 10.6693208247 6.40835194745 0 1 1
P 11.0528790928 5.09944638075 0 1 1
P 1.00455828402 2.730539634005 0 66 2
P 20.7176416335 8.77725869415 0 66 2
P 5.64313652319 9.6727272579 0 30 3
P 16.0790633943 1.83507107027 0 30 3
P 7.59731259035 8.18434223385 0 60 4
P 14.1248873272 3.32345609433 0 60 4
P 7.67569685652 11.5077983282 0 6 4
P 14.046503061 0 0 6 4
P 4.36898788637 10.01330531565 0 73 2
P 17.3532120312 1.49449301251 0 73 2
P 10.8610999588 17.7538991641 0 142 4
P 19.4857175771 15.33246635569 3 100 5
P 2.23648234046 20.1753319725 4 100 5
P 10.6859199111 22.9277365875 0 85 4
P 11.0362800064 12.58006174068 0 85 4
P 20.0403626946 19.13187142985 0 70 2
P 1.68183722295 16.375926898345 0 70 2
P 0.0 19.41307332025 0 25 1
P 21.7221999175 16.09472500791 0 25 1
P 18.935977907 23.07250822105 0 70 4
P 2.78622201053 12.4352901071065 0 70 4
P 10.6693208247 18.40835194745 0 1 1
P 11.0528790928 17.09944638075 0 1 1
P 1.00455828402 14.730539634005 0 66 2
P 20.7176416335 20.77725869415 0 66 2
P 5.64313652319 21.6727272579 0 30 3
P 16.0790633943 13.83507107027 0 30 3
P 7.59731259035 20.18434223385 0 60 4
P 14.1248873272 15.32345609433 0 60 4
P 7.67569685652 23.5077983282 0 6 4
P 14.046503061 12 0 6 4
P 4.36898788637 22.01330531565 0 73 2
P 17.3532120312 13.49449301251 0 73 2
