P 11.6135908004 5.82936870985 0 119 0
P 1.2902863101 4.520392913835 1 100 5
P 21.9368952907 7.13834450585 2 100 5
P 5.64835767563 9.13299623665 0 21 4
P 17.5788239251 2.525741183045 0 21 4
P 0.0 8.7832314057 0 32 2
P 23.2271816008 2.875506013965 0 32 2
P 15.9964071303 11.2462686661 0 60 5
P 7.23077447046 0.412468753582 0 60 5
P 12.096860926 11.65873741965 0 74 5
P 11.1303206747 0 0 74 5
P 5.90572926007 1.24113673244 0 85 1
P 17.3214523407 10.41760068725 0 85 1
P 18.2860133478 0.3828888347375 0 72 3
P 4.94116825299 11.27584858495 0 72 3
P 20.1067105381 9.02969256055 0 9 5
P 3.12047106262 2.629044859105 0 9 5
P 4.594838746 6.8930000328 0 69 2
P 18.6323428548 4.76573738685 0 69 2
P 8.80119206169 10.0078517142 0 41 1
P 14.4259895391 1.65088570549 0 41 1
P 19.4667873213 10.0280841288 0 35 5
P 3.76039427948 1.630653290865 0 35 5
P 11.6135908004 17.82936870985 0 119 0
P 1.2902863101 16.520392913835 3 100 5
P 21.9368952907 19.13834450585 4 100 5
P 5.64835767563 21.13299623665 0 21 4
P 17.5788239251 14.525741183045 0 21 4
P 0.0 20.7832314057 0 32 2
P 23.2271816008 14.875506013965 0 32 2
P 15.9964071303 23.2462686661 0 60 5
P 7.23077447046 12.412468753582 0 60 5
P 12.096860926 23.65873741965 0 74 5
P 11.1303206747 12 0 74 5
P 5.90572926007 13.24113673244 0 85 1
P 17.3214523407 22.41760068725 0 85 1
P 18.2860133478 12.3828888347375 0 72 3
P 4.94116825299 23.27584858495 0 72 3
P 20.1067105381 21.02969256055 0 9 5
P 3.12047106262 14.629044859105 0 9 5
P 4.594838746 18.8930000328 0 69 2
P 18.6323428548 16.76573738685 0 69 2
P 8.80119206169 22.0078517142 0 41 1
P 14.4259895391 13.65088570549 0 41 1
P 19.4667873213 22.0280841288 0 35 5
P 3.76039427948 13.630653290865 0 35 5
