P 10.4750550451 5.9099615414 0 64 1
P 0.922137753849 5.9572123323 1 100 5
P 20.0279723364 5.8627107505 2 100 5
P 4.39771228626 11.81992308285 0 56 5
P 16.552397804 0 0 56 5
P 18.076428125 1.75450453197 0 75 5
P 2.87368196529 10.06541855085 0 75 5
P 13.8478523606 10.62110603 0 25 4
P 7.10225772968 1.19881705281 0 25 4
P 7.95635513379 3.960370790775 0 90 3
P 12.9937549565 7.85955229205 0 90 3
P 16.042002723 5.9279043658 0 57 2
P 4.9081073672 5.892018717 0 57 2
P 13.511942709 11.4812649739 0 77 3
P 7.43816738128 0.3386581089235 0 77 3
P 20.9501100902 6.54340734795 0 12 2
P 0.0 5.2765157349 0 12 2
P 12.0640561975 2.392158719285 0 15 2
P 8.88605389278 9.42776436355 0 15 2
P 13.0898456671 4.65527618303 0 54 3
P 7.86026442318 7.1646468998 0 54 3
P 1.01430161795 1.42109334979 0 8 3
P 19.9358084723 10.39882973305 0 8 3
P 10.4750550451 17.9099615414 0 64 1
P 0.922137753849 17.9572123323 3 100 5
P 20.0279723364 17.8627107505 4 100 5
P 4.39771228626 23.81992308285 0 56 5
P 16.552397804 12 0 56 5
P 18.076428125 13.75450453197 0 75 5
P 2.87368196529 22.06541855085 0 75 5
P 13.8478523606 22.62110603 0 25 4
P 7.10225772968 13.19881705281 0 25 4
P 7.95635513379 15.960370790775 0 90 3
P 12.9937549565 19.85955229205 0 90 3
P 16.042002723 17.9279043658 0 57 2
P 4.9081073672 17.892018717 0 57 2
P 13.511942709 23.4812649739 0 77 3
P 7.43816738128 12.3386581089235 0 77 3
P 20.9501100902 18.54340734795 0 12 2
P 0.0 17.2765157349 0 12 2
P 12.0640561975 14.392158719285 0 15 2
P 8.88605389278 21.42776436355 0 15 2
P 13.0898456671 16.65527618303 0 54 3
P 7.86026442318 19.1646468998 0 54 3
P 1.01430161795 13.42109334979 0 8 3
P 19.9358084723 22.39882973305 0 8 3
