P 11.487404883 5.7307381547 0 128 5
P 3.06175313386 8.92759044555 1 100 5
P 19.9130566321 2.53388586379 2 100 5
P 1.31653713906 0.134956264222 0 79 4
P 21.6582726269 11.32652004515 0 79 4
P 18.3946302426 6.83069243425 0 46 1
P 4.58017952336 4.630783875095 0 46 1
P 9.54631953974 11.46147630935 0 67 5
P 13.4284902263 0 0 67 5
P 19.6638376181 11.14768651105 0 57 4
P 3.31097214795 0.3137897982975 0 57 4
P 0.878426987559 4.79396095592 0 20 2
P 22.0963827784 6.66751535345 0 20 2
P 14.7913771053 5.14841510455 0 35 5
P 8.1834326607 6.3130612048 0 35 5
P 15.9478907339 9.26627266545 0 55 5
P 7.02691903209 2.195203643915 0 55 5
P 8.01506542373 9.92807629305 0 60 1
P 14.9597443423 1.53340001633 0 60 1
P 4.34822195272 10.5901836151 0 48 4
P 18.6265878133 0.87129269426 0 48 4
P 0.0 8.34858463625 0 20 3
P 22.974809766 3.112891673115 0 20 3
P 11.487404883 17.7307381547 0 128 5
P 3.06175313386 20.92759044555 3 100 5
P 19.9130566321 14.53388586379 4 100 5
P 1.31653713906 12.134956264222 0 79 4
P 21.6582726269 23.32652004515 0 79 4
P 18.3946302426 18.83069243425 0 46 1
P 4.58017952336 16.630783875095 0 46 1
P 9.54631953974 23.46147630935 0 67 5
P 13.4284902263 12 0 67 5
P 19.6638376181 23.14768651105 0 57 4
P 3.31097214795 12.3137897982975 0 57 4
P 0.878426987559 16.79396095592 0 20 2
P 22.0963827784 18.66751535345 0 20 2
P 14.7913771053 17.14841510455 0 35 5
P 8.1834326607 18.3130612048 0 35 5
P 15.9478907339 21.26627266545 0 55 5
P 7.02691903209 14.195203643915 0 55 5
P 8.01506542373 21.92807629305 0 60 1
P 14.9597443423 13.53340001633 0 60 1
P 4.34822195272 22.5901836151 0 48 4
P 18.6265878133 12.87129269426 0 48 4
P 0.0 20.34858463625 0 20 3
P 22.974809766 15.112891673115 0 20 3
