P 10.5976716138 5.4956237468 0 84 1
P 10.2951818324 0.81256758528 1 100 5
P 10.9001613952 10.17867990835 2 100 5
P 12.880659582 8.63565105215 0 52 5
P 8.31468364569 2.35559644146 0 52 5
P 8.29974701531 10.52113693215 0 61 5
P 12.8955962123 0.4701105614895 0 61 5
P 17.1342774097 8.19231580915 0 71 3
P 4.06106581792 2.798931684485 0 71 3
P 20.9841907283 7.43454590135 0 50 2
P 0.21115249933 3.55670159228 0 50 2
P 18.0903324413 5.71408134175 0 61 2
P 3.10501078634 5.2771661519 0 61 2
P 4.52606673365 8.02583782965 0 82 1
P 16.669276494 2.965409664 0 82 1
P 0.827096763616 8.4383490423 0 51 5
P 20.368246464 2.552898451325 0 51 5
P 20.6145595785 8.7168504881 0 77 1
P 0.580783649183 2.27439700554 0 77 1
P 21.1953432277 4.769060796305 0 19 5
P 0.0 6.22218669735 0 19 5
P 13.980833926 10.99124749365 0 40 1
P 7.2145093017 0 0 40 1
P 10.5976716138 17.4956237468 0 84 1
P 10.2951818324 12.81256758528 3 100 5
P 10.9001613952 22.17867990835 4 100 5
P 12.880659582 20.63565105215 0 52 5
P 8.31468364569 14.35559644146 0 52 5
P 8.29974701531 22.52113693215 0 61 5
P 12.8955962123 12.4701105614895 0 61 5
P 17.1342774097 20.19231580915 0 71 3
P 4.06106581792 14.798931684485 0 71 3
P 20.9841907283 19.43454590135 0 50 2
P 0.21115249933 15.55670159228 0 50 2
P 18.0903324413 17.71408134175 0 61 2
P 3.10501078634 17.2771661519 0 61 2
P 4.52606673365 20.02583782965 0 82 1
P 16.669276494 14.965409664 0 82 1
P 0.827096763616 20.4383490423 0 51 5
P 20.368246464 14.552898451325 0 51 5
P 20.6145595785 20.7168504881 0 77 1
P 0.580783649183 14.27439700554 0 77 1
P 21.1953432277 16.769060796305 0 19 5
P 0.0 18.22218669735 0 19 5
P 13.980833926 22.99124749365 0 40 1
P 7.2145093017 12 0 40 1
