P 10.621907827 4.15195514145 0 129 0
P 10.5149046333 0.87407282862 1 100 5
P 10.7289110208 7.4298374543 2 100 5
P 13.951590621 7.7510667276 0 88 2
P 7.29222503313 0.55284355532 0 88 2
P 2.20784689006 6.68616273595 0 87 4
P 19.035968764 1.61774754696 0 87 4
P 5.82989493358 0 0 90 1
P 15.4139207205 8.3039102829 0 90 1
P 13.1748525863 5.7552776651 0 1 4
P 8.06896306774 2.548632617815 0 1 4
P 21.2438156541 0.677685593955 0 8 2
P 0.0 7.62622468895 0 8 2
P 16.3124829284 0.828010302805 0 8 1
P 4.93133272564 7.4758999801 0 8 1
P 7.99648652458 3.92544798569 0 24 3
P 13.2473291295 4.37846229721 0 24 3
P 19.6568777236 0.840996564625 0 3 2
P 1.58693793049 7.4629137183 0 3 2
P 9.85970995357 5.43703737755 0 76 2
P 11.3841057005 2.866872905355 0 76 2
P 2.06749431482 0.87711807456 0 80 5
P 19.1763213393 7.42679220835 0 80 5
P 10.621907827 16.15195514145 0 129 0
P 10.5149046333 12.87407282862 3 100 5
P 10.7289110208 19.4298374543 4 100 5
P 13.951590621 19.7510667276 0 88 2
P 7.29222503313 12.55284355532 0 88 2
P 2.20784689006 18.68616273595 0 87 4
P 19.035968764 13.61774754696 0 87 4
P 5.82989493358 12 0 90 1
P 15.4139207205 20.3039102829 0 90 1
P 13.1748525863 17.7552776651 0 1 4
P 8.06896306774 14.548632617815 0 1 4
P 21.2438156541 12.677685593955 0 8 2
P 0.0 19.62622468895 0 8 2
P 16.3124829284 12.828010302805 0 8 1
P 4.93133272564 19.4758999801 0 8 1
P 7.99648652458 15.92544798569 0 24 3
P 13.2473291295 16.37846229721 0 24 3
P 19.6568777236 12.840996564625 0 3 2
P 1.58693793049 19.4629137183 0 3 2
P 9.85970995357 17.43703737755 0 76 2
P 11.3841057005 14.866872905355 0 76 2
P 2.06749431482 12.87711807456 0 80 5
P 19.1763213393 19.42679220835 0 80 5
