P 11.4575078719 5.7947168043 0 133 4
P 0.468228498452 10.7843053124 1 100 5
P 22.4467872454 0.80512829623 2 100 5
P 18.8186027296 1.21072127122 0 51 4
P 4.09641301425 10.3787123374 0 51 4
P 1.43755408264 9.49582168605 0 88 5
P 21.4774616612 2.093611922575 0 88 5
P 18.7324865147 7.21274366775 0 26 2
P 4.18252922913 4.37668994088 0 26 2
P 18.5279457256 3.96464959428 0 82 2
P 4.38707001822 7.62478401435 0 82 2
P 10.1949289983 4.72087599737 0 61 2
P 12.7200867455 6.86855761125 0 61 2
P 6.16078076624 1.630379120215 0 71 3
P 16.7542349776 9.9590544884 0 71 3
P 0.0 8.301393648 0 50 4
P 22.9150157438 3.28803996063 0 50 4
P 14.3364791883 9.8729381783 0 22 4
P 8.57853655554 1.71649543035 0 22 4
P 9.28606832203 8.0704878517 0 40 3
P 13.6289474218 3.51894575694 0 40 3
P 11.3198323705 0 0 68 5
P 11.5951833733 11.58943360865 0 68 5
P 11.4575078719 17.7947168043 0 133 4
P 0.468228498452 22.7843053124 3 100 5
P 22.4467872454 12.80512829623 4 100 5
P 18.8186027296 13.21072127122 0 51 4
P 4.09641301425 22.3787123374 0 51 4
P 1.43755408264 21.49582168605 0 88 5
P 21.4774616612 14.093611922575 0 88 5
P 18.7324865147 19.21274366775 0 26 2
P 4.18252922913 16.37668994088 0 26 2
P 18.5279457256 15.96464959428 0 82 2
P 4.38707001822 19.62478401435 0 82 2
P 10.1949289983 16.72087599737 0 61 2
P 12.7200867455 18.86855761125 0 61 2
P 6.16078076624 13.630379120215 0 71 3
P 16.7542349776 21.9590544884 0 71 3
P 0.0 20.301393648 0 50 4
P 22.9150157438 15.28803996063 0 50 4
P 14.3364791883 21.8729381783 0 22 4
P 8.57853655554 13.71649543035 0 22 4
P 9.28606832203 20.0704878517 0 40 3
P 13.6289474218 15.51894575694 0 40 3
P 11.3198323705 12 0 68 5
P 11.5951833733 23.58943360865 0 68 5
