P 11.3048151324 5.39533183895 0 128 2
P 0.926306710455 10.74758041935 1 100 5
P 21.6833235543 0.04308325856285 2 100 5
P 3.53503048131 1.026800151185 0 29 3
P 19.0745997835 9.7638635267 0 29 3
P 2.98054245891 2.819965341535 0 55 2
P 19.6290878059 7.97069833635 0 55 2
P 6.14783122991 0 0 16 3
P 16.4617990349 10.7906636779 0 16 3
P 1.60219954522 0.575922904625 0 84 2
P 21.0074307196 10.21474077325 0 84 2
P 18.4899711777 2.85337849858 0 24 3
P 4.1196590871 7.9372851793 0 24 3
P 1.66296447686 4.12021831142 0 4 4
P 20.9466657879 6.6704453665 0 4 4
P 2.10161565086 1.67808825338 0 26 1
P 20.5080146139 9.1125754245 0 26 1
P 0.0 2.41141928051 0 20 2
P 22.6096302648 8.3792443974 0 20 2
P 4.80817080248 4.17790618712 0 19 4
P 17.8014594623 6.6127574908 0 19 4
P 8.30237642052 8.0732346452 0 61 3
P 14.3072538443 2.717429032715 0 61 3
P 11.3048151324 17.39533183895 0 128 2
P 0.926306710455 22.74758041935 3 100 5
P 21.6833235543 12.0430832585629 4 100 5
P 3.53503048131 13.026800151185 0 29 3
P 19.0745997835 21.7638635267 0 29 3
P 2.98054245891 14.819965341535 0 55 2
P 19.6290878059 19.97069833635 0 55 2
P 6.14783122991 12 0 16 3
P 16.4617990349 22.7906636779 0 16 3
P 1.60219954522 12.575922904625 0 84 2
P 21.0074307196 22.21474077325 0 84 2
P 18.4899711777 14.85337849858 0 24 3
P 4.1196590871 19.9372851793 0 24 3
P 1.66296447686 16.12021831142 0 4 4
P 20.9466657879 18.6704453665 0 4 4
P 2.10161565086 13.67808825338 0 26 1
P 20.5080146139 21.1125754245 0 26 1
P 0.0 14.41141928051 0 20 2
P 22.6096302648 20.3792443974 0 20 2
P 4.80817080248 16.17790618712 0 19 4
P 17.8014594623 18.6127574908 0 19 4
P 8.30237642052 20.0732346452 0 61 3
P 14.3072538443 14.717429032715 0 61 3
