P 11.6571442729 5.2498427247 0 11 5
P 1.57494496882 5.3601143631 1 100 5
P 21.739343577 5.1395710863 2 100 5
P 9.00896374748 8.02674679695 0 2 1
P 14.3053247983 2.472938652465 0 2 1
P 6.03157866549 8.3525339042 0 80 3
P 17.2827098803 2.1471515452 0 80 3
P 3.64564055894 8.038213414 0 12 3
P 19.6686479869 2.461472035425 0 12 3
P 12.8585095886 6.73426572125 0 83 2
P 10.4557789572 3.765419728175 0 83 2
P 2.31283414501 9.3522199269 0 20 2
P 21.0014544008 1.147465522545 0 20 2
P 0.0 8.26968413545 0 75 2
P 23.3142885458 2.23000131397 0 75 2
P 17.8337011374 3.24161509777 0 2 1
P 5.48058740845 7.25807035165 0 2 1
P 9.72989485994 4.574846980105 0 22 3
P 13.5843936859 5.9248384693 0 22 3
P 8.76645868461 5.98435541665 0 41 4
P 14.5478298612 4.51533003276 0 41 4
P 9.09581070258 0 0 41 4
P 14.2184778432 10.4996854494 0 41 4
P 11.6571442729 17.2498427247 0 11 5
P 1.57494496882 17.3601143631 3 100 5
P 21.739343577 17.1395710863 4 100 5
P 9.00896374748 20.02674679695 0 2 1
P 14.3053247983 14.472938652465 0 2 1
P 6.03157866549 20.3525339042 0 80 3
P 17.2827098803 14.1471515452 0 80 3
P 3.64564055894 20.038213414 0 12 3
P 19.6686479869 14.461472035425 0 12 3
P 12.8585095886 18.73426572125 0 83 2
P 10.4557789572 15.765419728175 0 83 2
P 2.31283414501 21.3522199269 0 20 2
P 21.0014544008 13.147465522545 0 20 2
P 0.0 20.26968413545 0 75 2
P 23.3142885458 14.23000131397 0 75 2
P 17.8337011374 15.24161509777 0 2 1
P 5.48058740845 19.25807035165 0 2 1
P 9.72989485994 16.574846980105 0 22 3
P 13.5843936859 17.9248384693 0 22 3
P 8.76645868461 17.98435541665 0 41 4
P 14.5478298612 16.51533003276 0 41 4
P 9.09581070258 12 0 41 4
P 14.2184778432 22.4996854494 0 41 4
