P 10.9462142783 5.87856940245 0 15 4
P 18.033071482 10.0564946773 1 100 5
P 3.85935707472 1.700644127555 2 100 5
P 19.2826666634 4.753475200025 0 61 2
P 2.6097618933 7.00366360485 0 61 2
P 4.98803321494 3.277921994635 0 15 2
P 16.9043953417 8.47921681025 0 15 2
P 17.8198951395 2.8122839051 0 79 3
P 4.07253341715 8.9448548998 0 79 3
P 12.9362327012 0.1493596435475 0 36 1
P 8.95619585546 11.60777916135 0 36 1
P 0.0 11.7571388049 0 43 1
P 21.8924285567 0 0 43 1
P 13.7299496073 6.94289304015 0 59 2
P 8.16247894941 4.814245764725 0 59 2
P 7.9460755228 2.499140321255 0 87 2
P 13.9463530339 9.25799848365 0 87 2
P 5.11878762985 2.210289427395 0 26 1
P 16.7736409268 9.5468493775 0 26 1
P 17.7782398876 5.8373861775 0 62 1
P 4.11418866912 5.9197526274 0 62 1
P 20.8113361481 10.5249751645 0 38 5
P 1.08109240856 1.23216364037 0 38 5
P 10.9462142783 17.87856940245 0 15 4
P 18.033071482 22.0564946773 3 100 5
P 3.85935707472 13.700644127555 4 100 5
P 19.2826666634 16.753475200025 0 61 2
P 2.6097618933 19.00366360485 0 61 2
P 4.98803321494 15.277921994635 0 15 2
P 16.9043953417 20.47921681025 0 15 2
P 17.8198951395 14.8122839051 0 79 3
P 4.07253341715 20.9448548998 0 79 3
P 12.9362327012 12.1493596435475 0 36 1
P 8.95619585546 23.60777916135 0 36 1
P 0.0 23.7571388049 0 43 1
P 21.8924285567 12 0 43 1
P 13.7299496073 18.94289304015 0 59 2
P 8.16247894941 16.814245764725 0 59 2
P 7.9460755228 14.499140321255 0 87 2
P 13.9463530339 21.25799848365 0 87 2
P 5.11878762985 14.210289427395 0 26 1
P 16.7736409268 21.5468493775 0 26 1
P 17.7782398876 17.8373861775 0 62 1
P 4.11418866912 17.9197526274 0 62 1
P 20.8113361481 22.5249751645 0 38 5
P 1.08109240856 13.23216364037 0 38 5
