P 10.6277162381 5.71070831355 0 99 1
P 4.5664270067 6.6466426206 1 100 5
P 16.6890054694 4.77477400652 2 100 5
P 20.2168915269 3.894540914855 0 31 3
P 1.03854094921 7.52687571225 0 31 3
P 12.0977302865 7.6071015687 0 58 5
P 9.15770218962 3.81431505839 0 58 5
P 19.19596219 10.86710966545 0 55 4
P 2.05947028614 0.55430696163 0 55 4
P 0.0 8.90782699685 0 52 2
P 21.2554324761 2.513589630235 0 52 2
P 7.92220174985 5.6223802912 0 12 5
P 13.3332307263 5.7990363359 0 12 5
P 10.320041801 0.816540636655 0 58 2
P 10.9353906751 10.60487599045 0 58 2
P 7.8069575546 0 0 72 3
P 13.4484749215 11.4214166271 0 72 3
P 10.2395646431 1.6929870451 0 14 5
P 11.015867833 9.728429582 0 14 5
P 2.22041731535 1.978408762255 0 14 3
P 19.0350151608 9.44300786485 0 14 3
P 20.6816966538 9.8956944312 0 85 4
P 0.573735822335 1.525722195885 0 85 4
P 10.6277162381 17.71070831355 0 99 1
P 4.5664270067 18.6466426206 3 100 5
P 16.6890054694 16.77477400652 4 100 5
P 20.2168915269 15.894540914855 0 31 3
P 1.03854094921 19.52687571225 0 31 3
P 12.0977302865 19.6071015687 0 58 5
P 9.15770218962 15.81431505839 0 58 5
P 19.19596219 22.86710966545 0 55 4
P 2.05947028614 12.55430696163 0 55 4
P 0.0 20.90782699685 0 52 2
P 21.2554324761 14.513589630235 0 52 2
P 7.92220174985 17.6223802912 0 12 5
P 13.3332307263 17.7990363359 0 12 5
P 10.320041801 12.816540636655 0 58 2
P 10.9353906751 22.60487599045 0 58 2
P 7.8069575546 12 0 72 3
P 13.4484749215 23.4214166271 0 72 3
P 10.2395646431 13.6929870451 0 14 5
P 11.015867833 21.728429582 0 14 5
P 2.22041731535 13.978408762255 0 14 3
P 19.0350151608 21.44300786485 0 14 3
P 20.6816966538 21.8956944312 0 85 4
P 0.573735822335 13.525722195885 0 85 4
