P 10.6477392189 5.56674954265 0 95 4
P 17.9360986046 10.73845203645 1 100 5
P 3.35937983321 0.395047048839 2 100 5
P 9.77155043268 6.69813649475 0 3 4
P 11.5239280052 4.435362590515 0 3 4
P 6.44260734102 11.1334990853 0 79 5
P 14.8528710968 0 0 79 5
P 0.0 0.457068560314 0 27 4
P 21.2954784378 10.67643052495 0 27 4
P 14.3971410253 3.8014435629 0 50 4
P 6.89833741253 7.3320555224 0 50 4
P 20.7787382368 3.146324147015 0 21 2
P 0.51674020099 7.98717493825 0 21 2
P 19.6030849985 9.0227620184 0 78 3
P 1.69239343932 2.110737066895 0 78 3
P 19.1937056734 5.27401677245 0 19 3
P 2.10177276447 5.85948231285 0 19 3
P 16.8570162465 9.1920711796 0 3 4
P 4.43846219134 1.941427905665 0 3 4
P 8.38982755674 5.3362373074 0 29 3
P 12.9056508811 5.79726177785 0 29 3
P 2.65868304442 5.11764487895 0 40 1
P 18.6367953934 6.01585420635 0 40 1
P 10.6477392189 17.56674954265 0 95 4
P 17.9360986046 22.73845203645 3 100 5
P 3.35937983321 12.395047048839 4 100 5
P 9.77155043268 18.69813649475 0 3 4
P 11.5239280052 16.435362590515 0 3 4
P 6.44260734102 23.1334990853 0 79 5
P 14.8528710968 12 0 79 5
P 0.0 12.457068560314 0 27 4
P 21.2954784378 22.67643052495 0 27 4
P 14.3971410253 15.8014435629 0 50 4
P 6.89833741253 19.3320555224 0 50 4
P 20.7787382368 15.146324147015 0 21 2
P 0.51674020099 19.98717493825 0 21 2
P 19.6030849985 21.0227620184 0 78 3
P 1.69239343932 14.110737066895 0 78 3
P 19.1937056734 17.27401677245 0 19 3
P 2.10177276447 17.85948231285 0 19 3
P 16.8570162465 21.1920711796 0 3 4
P 4.43846219134 13.941427905665 0 3 4
P 8.38982755674 17.3362373074 0 29 3
P 12.9056508811 17.79726177785 0 29 3
P 2.65868304442 17.11764487895 0 40 1
P 18.6367953934 18.01585420635 0 40 1
