P 11.669420219 5.80438784215 0 40 2
P 1.93453837149 2.5311704207 1 100 5
P 21.4043020664 9.0776052636 2 100 5
P 22.5828049092 9.8717733326 0 42 1
P 0.756035528782 1.737002351695 0 42 1
P 23.0757535399 1.06105137852 0 78 2
P 0.263086898067 10.5477243058 0 78 2
P 1.68898312317 6.8944189447 0 54 5
P 21.6498573148 4.7143567396 0 54 5
P 12.4973844119 0 0 39 4
P 10.841456026 11.6087756843 0 39 4
P 0.0 9.8208698006 0 57 1
P 23.3388404379 1.787905883705 0 57 1
P 8.32126819648 0.7029188768 0 66 3
P 15.0175722415 10.9058568075 0 66 3
P 7.03676463357 5.8783141784 0 62 4
P 16.3020758044 5.7304615059 0 62 4
P 23.1791117581 11.25465351675 0 3 5
P 0.15972867981 0.3541221675425 0 3 5
P 1.86627138948 11.186512811 0 62 4
P 21.4725690485 0.4222628733325 0 62 4
P 16.8547468294 8.91277412355 0 62 1
P 6.48409360849 2.69600156074 0 62 1
P 11.669420219 17.80438784215 0 40 2
P 1.93453837149 14.5311704207 3 100 5
P 21.4043020664 21.0776052636 4 100 5
P 22.5828049092 21.8717733326 0 42 1
P 0.756035528782 13.737002351695 0 42 1
P 23.0757535399 13.06105137852 0 78 2
P 0.263086898067 22.5477243058 0 78 2
P 1.68898312317 18.8944189447 0 54 5
P 21.6498573148 16.7143567396 0 54 5
P 12.4973844119 12 0 39 4
P 10.841456026 23.6087756843 0 39 4
P 0.0 21.8208698006 0 57 1
P 23.3388404379 13.787905883705 0 57 1
P 8.32126819648 12.7029188768 0 66 3
P 15.0175722415 22.9058568075 0 66 3
P 7.03676463357 17.8783141784 0 62 4
P 16.3020758044 17.7304615059 0 62 4
P 23.1791117581 23.25465351675 0 3 5
P 0.15972867981 12.3541221675425 0 3 5
P 1.86627138948 23.186512811 0 62 4
P 21.4725690485 12.4222628733325 0 62 4
P 16.8547468294 20.91277412355 0 62 1
P 6.48409360849 14.69600156074 0 62 1
