P 11.6124431072 4.918485532775 0 100 1
P 11.60660153 8.4359391364 1 100 5
P 11.6182846843 1.401031929165 2 100 5
P 15.4988999928 0 0 49 2
P 7.72598622151 9.83697106555 0 49 2
P 20.4144729459 4.30426795932 0 53 3
P 2.81041326845 5.53270310625 0 53 3
P 0.276082935868 6.57863605255 0 34 2
P 22.9488032785 3.258335013015 0 34 2
P 14.6421428076 9.7894390713 0 40 3
P 8.5827434067 0.0475319942687 0 40 3
P 3.46817806325 7.8076060979 0 87 1
P 19.7567081511 2.02936496766 0 87 1
P 4.22309160933 0.2680404766545 0 64 3
P 19.001794605 9.5689305889 0 64 3
P 23.2248862143 0.0076244383578 0 29 1
P 0.0 9.8293466272 0 29 1
P 0.11038006048 1.687601636195 0 72 1
P 23.1145061538 8.14936942935 0 72 1
P 15.9554483992 8.88637419935 0 19 1
P 7.26943781513 0.950596866215 0 19 1
P 13.5869556462 0.3068058414655 0 36 4
P 9.63793056816 9.5301652241 0 36 4
P 11.6124431072 16.918485532775 0 100 1
P 11.60660153 20.4359391364 3 100 5
P 11.6182846843 13.401031929165 4 100 5
P 15.4988999928 12 0 49 2
P 7.72598622151 21.83697106555 0 49 2
P 20.4144729459 16.30426795932 0 53 3
P 2.81041326845 17.53270310625 0 53 3
P 0.276082935868 18.57863605255 0 34 2
P 22.9488032785 15.258335013015 0 34 2
P 14.6421428076 21.7894390713 0 40 3
P 8.5827434067 12.0475319942687 0 40 3
P 3.46817806325 19.8076060979 0 87 1
P 19.7567081511 14.02936496766 0 87 1
P 4.22309160933 12.2680404766545 0 64 3
P 19.001794605 21.5689305889 0 64 3
P 23.2248862143 12.0076244383578 0 29 1
P 0.0 21.8293466272 0 29 1
P 0.11038006048 13.687601636195 0 72 1
P 23.1145061538 20.14936942935 0 72 1
P 15.9554483992 20.88637419935 0 19 1
P 7.26943781513 12.950596866215 0 19 1
P 13.5869556462 12.3068058414655 0 36 4
P 9.63793056816 21.5301652241 0 36 4
