P 10.9075384988 5.6857335441 0 146 4
P 7.0043740009 7.27869193265 1 100 5
P 14.8107029968 4.092775155605 2 100 5
P 18.9288237674 7.9572683788 0 77 3
P 2.88625323022 3.41419870944 0 77 3
P 21.8150769977 10.67406977305 0 9 2
P 0.0 0.6973973152 0 9 2
P 13.0890667591 5.99681747365 0 90 4
P 8.72601023859 5.3746496146 0 90 4
P 18.310132295 3.692920060225 0 30 1
P 3.50494470269 7.678547028 0 30 1
P 14.7174179226 0.814442396865 0 20 1
P 7.09765907507 10.5570246914 0 20 1
P 1.39752210214 7.58904195255 0 72 1
P 20.4175548955 3.78242513569 0 72 1
P 19.8187599935 1.76411502103 0 58 5
P 1.99631700413 9.6073520672 0 58 5
P 14.4815168044 11.37146708825 0 74 3
P 7.33356019327 0 0 74 3
P 9.04082461697 0.88155559181 0 21 2
P 12.7742523807 10.48991149645 0 21 2
P 5.04720967298 3.35337863625 0 44 5
P 16.7678673247 8.018088452 0 44 5
P 10.9075384988 17.6857335441 0 146 4
P 7.0043740009 19.27869193265 3 100 5
P 14.8107029968 16.092775155605 4 100 5
P 18.9288237674 19.9572683788 0 77 3
P 2.88625323022 15.41419870944 0 77 3
P 21.8150769977 22.67406977305 0 9 2
P 0.0 12.6973973152 0 9 2
P 13.0890667591 17.99681747365 0 90 4
P 8.72601023859 17.3746496146 0 90 4
P 18.310132295 15.692920060225 0 30 1
P 3.50494470269 19.678547028 0 30 1
P 14.7174179226 12.814442396865 0 20 1
P 7.09765907507 22.5570246914 0 20 1
P 1.39752210214 19.58904195255 0 72 1
P 20.4175548955 15.78242513569 0 72 1
P 19.8187599935 13.76411502103 0 58 5
P 1.99631700413 21.6073520672 0 58 5
P 14.4815168044 23.37146708825 0 74 3
P 7.33356019327 12 0 74 3
P 9.04082461697 12.88155559181 0 21 2
P 12.7742523807 22.48991149645 0 21 2
P 5.04720967298 15.35337863625 0 44 5
P 16.7678673247 20.018088452 0 44 5
