P 11.6146522993 5.5967906296 0 33 2
P 0.0 9.64117671245 1 100 5
P 23.2293045987 1.55240454676 2 100 5
P 18.9460037918 10.5468527161 0 60 4
P 4.28330080691 0.6467285431 0 60 4
P 13.665944335 10.53548231215 0 79 3
P 9.56336026367 0.658098947055 0 79 3
P 1.94221489311 11.1935812592 0 5 1
P 21.2870897056 0 0 5 1
P 13.8917957931 0.269208254425 0 89 3
P 9.33750880554 10.9243730048 0 89 3
P 5.72176831117 7.2405618442 0 30 4
P 17.5075362875 3.95301941502 0 30 4
P 5.72404838158 2.430128906645 0 48 4
P 17.5052562171 8.76345235255 0 48 4
P 4.00177477547 9.70402759275 0 58 5
P 19.2275298232 1.48955366646 0 58 5
P 22.7780337222 3.697745765115 0 81 2
P 0.451270876469 7.4958354941 0 81 2
P 13.356129649 4.81426521967 0 28 4
P 9.87317494969 6.37931603955 0 28 4
P 11.8294203944 10.25564514685 0 17 1
P 11.3998842043 0.93793611237 0 17 1
P 11.6146522993 17.5967906296 0 33 2
P 0.0 21.64117671245 3 100 5
P 23.2293045987 13.55240454676 4 100 5
P 18.9460037918 22.5468527161 0 60 4
P 4.28330080691 12.6467285431 0 60 4
P 13.665944335 22.53548231215 0 79 3
P 9.56336026367 12.658098947055 0 79 3
P 1.94221489311 23.1935812592 0 5 1
P 21.2870897056 12 0 5 1
P 13.8917957931 12.269208254425 0 89 3
P 9.33750880554 22.9243730048 0 89 3
P 5.72176831117 19.2405618442 0 30 4
P 17.5075362875 15.95301941502 0 30 4
P 5.72404838158 14.430128906645 0 48 4
P 17.5052562171 20.76345235255 0 48 4
P 4.00177477547 21.70402759275 0 58 5
P 19.2275298232 13.48955366646 0 58 5
P 22.7780337222 15.697745765115 0 81 2
P 0.451270876469 19.4958354941 0 81 2
P 13.356129649 16.81426521967 0 28 4
P 9.87317494969 18.37931603955 0 28 4
P 11.8294203944 22.25564514685 0 17 1
P 11.3998842043 12.93793611237 0 17 1
