P 10.6046778621 4.89596011472 0 133 5
P 17.8341982322 1.58143090445 1 100 5
P 3.37515749208 8.210489325 2 100 5
P 0.877862852 8.35316002 0 78 2
P 20.3314928723 1.43876020945 0 78 2
P 13.529628171 1.815027316605 0 58 4
P 7.67972755326 7.97689291285 0 58 4
P 11.8633112446 1.83306808833 0 77 4
P 9.34604447973 7.9588521411 0 77 4
P 17.195301201 2.37217259871 0 40 1
P 4.01405452332 7.41974763075 0 40 1
P 1.91319838987 8.44052112865 0 23 1
P 19.2961573344 1.351399100805 0 23 1
P 20.5595230106 2.473129039395 0 51 5
P 0.649832713734 7.31879119005 0 51 5
P 5.95838319518 7.1274409686 0 79 2
P 15.2509725291 2.66447926085 0 79 2
P 21.2093557243 5.43581285055 0 39 2
P 0.0 4.356107378875 0 39 2
P 17.6179837245 5.36629576335 0 70 2
P 3.59137199978 4.425624466085 0 70 2
P 7.72413002857 9.79192022945 0 79 1
P 13.4852256957 0 0 79 1
P 10.6046778621 16.89596011472 0 133 5
P 17.8341982322 13.58143090445 3 100 5
P 3.37515749208 20.210489325 4 100 5
P 0.877862852 20.35316002 0 78 2
P 20.3314928723 13.43876020945 0 78 2
P 13.529628171 13.815027316605 0 58 4
P 7.67972755326 19.97689291285 0 58 4
P 11.8633112446 13.83306808833 0 77 4
P 9.34604447973 19.9588521411 0 77 4
P 17.195301201 14.37217259871 0 40 1
P 4.01405452332 19.41974763075 0 40 1
P 1.91319838987 20.44052112865 0 23 1
P 19.2961573344 13.351399100805 0 23 1
P 20.5595230106 14.473129039395 0 51 5
P 0.649832713734 19.31879119005 0 51 5
P 5.95838319518 19.1274409686 0 79 2
P 15.2509725291 14.66447926085 0 79 2
P 21.2093557243 17.43581285055 0 39 2
P 0.0 16.356107378875 0 39 2
P 17.6179837245 17.36629576335 0 70 2
P 3.59137199978 16.425624466085 0 70 2
P 7.72413002857 21.79192022945 0 79 1
P 13.4852256957 12 0 79 1
