P 11.0441665408 5.4491519628 0 56 1
P 13.467365867 5.4792507493 1 100 5
P 8.62096721464 5.41905317625 2 100 5
P 13.00123889 4.281835144825 0 72 1
P 9.08709419168 6.61646878075 0 72 1
P 20.9725608721 9.645639229 0 76 1
P 1.11577220953 1.252664696605 0 76 1
P 14.6516779553 6.7944543715 0 1 1
P 7.43665512641 4.103849554075 0 1 1
P 6.65225859067 6.7801762212 0 26 5
P 15.436074491 4.11812770437 0 26 5
P 16.8971315488 4.859640088445 0 24 2
P 5.19120153291 6.03866383715 0 24 2
P 22.0883330817 1.3011444679 0 74 1
P 0.0 9.5971594577 0 74 1
P 16.9977626441 10.8983039256 0 3 1
P 5.09057043753 0 0 3 1
P 11.8417829975 6.30430044055 0 76 2
P 10.2465500842 4.59400348502 0 76 2
P 16.8074409487 3.60443568866 0 76 2
P 5.28089213293 7.29386823695 0 76 2
P 18.1132657811 3.40733357763 0 82 3
P 3.97506730062 7.49097034795 0 82 3
P 11.0441665408 17.4491519628 0 56 1
P 13.467365867 17.4792507493 3 100 5
P 8.62096721464 17.41905317625 4 100 5
P 13.00123889 16.281835144825 0 72 1
P 9.08709419168 18.61646878075 0 72 1
P 20.9725608721 21.645639229 0 76 1
P 1.11577220953 13.252664696605 0 76 1
P 14.6516779553 18.7944543715 0 1 1
P 7.43665512641 16.103849554075 0 1 1
P 6.65225859067 18.7801762212 0 26 5
P 15.436074491 16.11812770437 0 26 5
P 16.8971315488 16.859640088445 0 24 2
P 5.19120153291 18.03866383715 0 24 2
P 22.0883330817 13.3011444679 0 74 1
P 0.0 21.5971594577 0 74 1
P 16.9977626441 22.8983039256 0 3 1
P 5.09057043753 12 0 3 1
P 11.8417829975 18.30430044055 0 76 2
P 10.2465500842 16.59400348502 0 76 2
P 16.8074409487 15.60443568866 0 76 2
P 5.28089213293 19.29386823695 0 76 2
P 18.1132657811 15.40733357763 0 82 3
P 3.97506730062 19.49097034795 0 82 3
