P 11.8911244736 5.68537863385 0 5 1
P 6.90867905471 7.05057891185 1 100 5
P 16.8735698925 4.32017835587 2 100 5
P 16.1340812065 1.328506521225 0 47 1
P 7.64816774071 10.0422507465 0 47 1
P 14.6404854753 4.763273930335 0 53 5
P 9.1417634719 6.6074833374 0 53 5
P 7.09223397043 9.4829914821 0 30 3
P 16.6900149768 1.887765785615 0 30 3
P 16.7679812672 0.01228670353375 0 12 5
P 7.01426768007 11.3584705642 0 12 5
P 3.54237010412 5.5988409191 0 22 3
P 20.2398788431 5.77191634865 0 22 3
P 6.60860764552 0.4327890946625 0 31 1
P 17.1736413017 10.93796817305 0 31 1
P 15.3533584273 9.09433878875 0 48 4
P 8.42889051989 2.276418478985 0 48 4
P 23.7822489472 9.1539066476 0 43 5
P 0.0 2.216850620135 0 43 5
P 18.7058050651 6.8546385618 0 58 4
P 5.07644388209 4.51611870594 0 58 4
P 11.8389338919 0 0 2 1
P 11.9433150553 11.37075726775 0 2 1
P 11.8911244736 17.68537863385 0 5 1
P 6.90867905471 19.05057891185 3 100 5
P 16.8735698925 16.32017835587 4 100 5
P 16.1340812065 13.328506521225 0 47 1
P 7.64816774071 22.0422507465 0 47 1
P 14.6404854753 16.763273930335 0 53 5
P 9.1417634719 18.6074833374 0 53 5
P 7.09223397043 21.4829914821 0 30 3
P 16.6900149768 13.887765785615 0 30 3
P 16.7679812672 12.0122867035337 0 12 5
P 7.01426768007 23.3584705642 0 12 5
P 3.54237010412 17.5988409191 0 22 3
P 20.2398788431 17.77191634865 0 22 3
P 6.60860764552 12.4327890946625 0 31 1
P 17.1736413017 22.93796817305 0 31 1
P 15.3533584273 21.09433878875 0 48 4
P 8.42889051989 14.276418478985 0 48 4
P 23.7822489472 21.1539066476 0 43 5
P 0.0 14.216850620135 0 43 5
P 18.7058050651 18.8546385618 0 58 4
P 5.07644388209 16.51611870594 0 58 4
P 11.8389338919 12 0 2 1
P 11.9433150553 23.37075726775 0 2 1
