P 11.9761757757 5.34654772025 0 117 3
P 10.2751012657 8.88475825475 1 100 5
P 13.6772502858 1.808337185705 2 100 5
P 22.3208205267 2.495580575365 0 32 2
P 1.63153102473 8.1975148651 0 32 2
P 19.4423032783 5.5565193414 0 67 1
P 4.51004827318 5.1365760991 0 67 1
P 5.60609718385 10.6672331364 0 26 2
P 18.3462543676 0.02586230406295 0 26 2
P 18.7323230629 1.015378629575 0 73 4
P 5.22002848852 9.6777168109 0 73 4
P 22.7438996029 5.63458624695 0 25 2
P 1.20845194858 5.0585091935 0 25 2
P 17.5883736654 3.082644910105 0 75 5
P 6.36397788607 7.61045053035 0 75 5
P 10.815944345 0 0 79 4
P 13.1364072064 10.69309544045 0 79 4
P 18.1567450826 5.38781919475 0 29 2
P 5.79560646889 5.3052762457 0 29 2
P 0.0 4.65577388453 0 38 4
P 23.9523515515 6.03732155595 0 38 4
P 23.0179255124 9.7623376172 0 41 5
P 0.934426039025 0.930757823255 0 41 5
P 11.9761757757 17.34654772025 0 117 3
P 10.2751012657 20.88475825475 3 100 5
P 13.6772502858 13.808337185705 4 100 5
P 22.3208205267 14.495580575365 0 32 2
P 1.63153102473 20.1975148651 0 32 2
P 19.4423032783 17.5565193414 0 67 1
P 4.51004827318 17.1365760991 0 67 1
P 5.60609718385 22.6672331364 0 26 2
P 18.3462543676 12.025862304063 0 26 2
P 18.7323230629 13.015378629575 0 73 4
P 5.22002848852 21.6777168109 0 73 4
P 22.7438996029 17.63458624695 0 25 2
P 1.20845194858 17.0585091935 0 25 2
P 17.5883736654 15.082644910105 0 75 5
P 6.36397788607 19.61045053035 0 75 5
P 10.815944345 12 0 79 4
P 13.1364072064 22.69309544045 0 79 4
P 18.1567450826 17.38781919475 0 29 2
P 5.79560646889 17.3052762457 0 29 2
P 0.0 16.65577388453 0 38 4
P 23.9523515515 18.03732155595 0 38 4
P 23.0179255124 21.7623376172 0 41 5
P 0.934426039025 12.930757823255 0 41 5
