P 11.0145481174 4.681428241505 0 104 4
P 5.5184459719 9.362856483 1 100 5
P 16.5106502628 0 2 100 5
P 18.5712990177 7.18709797995 0 53 1
P 3.45779721706 2.17575850304 0 53 1
P 10.5636234361 2.578760109305 0 13 3
P 11.4654727987 6.7840963737 0 13 3
P 1.12251825005 7.1637223032 0 23 1
P 20.9065779847 2.19913417982 0 23 1
P 2.73522060259 5.44862071285 0 43 5
P 19.2938756321 3.91423577017 0 43 5
P 19.9403815313 1.956876110885 0 40 1
P 2.08871470338 7.40598037215 0 40 1
P 10.6549370553 3.69683144836 0 19 4
P 11.3741591795 5.66602503465 0 19 4
P 16.3876435734 8.1425028858 0 84 5
P 5.64145266134 1.22035359722 0 84 5
P 7.88508724481 6.945648312 0 6 3
P 14.1440089899 2.417208170985 0 6 3
P 3.85997265841 0.136418660766 0 72 3
P 18.1691235763 9.22643782225 0 72 3
P 0.0 5.71076463585 0 61 2
P 22.0290962347 3.652091847185 0 61 2
P 11.0145481174 16.681428241505 0 104 4
P 5.5184459719 21.362856483 3 100 5
P 16.5106502628 12 4 100 5
P 18.5712990177 19.18709797995 0 53 1
P 3.45779721706 14.17575850304 0 53 1
P 10.5636234361 14.578760109305 0 13 3
P 11.4654727987 18.7840963737 0 13 3
P 1.12251825005 19.1637223032 0 23 1
P 20.9065779847 14.19913417982 0 23 1
P 2.73522060259 17.44862071285 0 43 5
P 19.2938756321 15.91423577017 0 43 5
P 19.9403815313 13.956876110885 0 40 1
P 2.08871470338 19.40598037215 0 40 1
P 10.6549370553 15.69683144836 0 19 4
P 11.3741591795 17.66602503465 0 19 4
P 16.3876435734 20.1425028858 0 84 5
P 5.64145266134 13.22035359722 0 84 5
P 7.88508724481 18.945648312 0 6 3
P 14.1440089899 14.417208170985 0 6 3
P 3.85997265841 12.136418660766 0 72 3
P 18.1691235763 21.22643782225 0 72 3
P 0.0 17.71076463585 0 61 2
P 22.0290962347 15.652091847185 0 61 2
