P 11.3182457247 4.764613280095 0 95 0
P 10.7153855601 3.448287010345 1 100 5
P 11.9211058894 6.08093954985 2 100 5
P 5.33333398238 7.91563868965 0 7 1
P 17.3031574671 1.61358787052 0 7 1
P 4.34767723191 6.58053984295 0 79 4
P 18.2888142176 2.948686717255 0 79 4
P 20.3407088321 0 0 59 4
P 2.29578261738 9.5292265602 0 59 4
P 20.1287243352 4.19800223241 0 82 4
P 2.50776711429 5.3312243278 0 82 4
P 16.2784063635 0.095278166512 0 70 3
P 6.35808508594 9.4339483937 0 70 3
P 3.48709865342 1.10528775387 0 20 2
P 19.149392796 8.4239388063 0 20 2
P 0.0 5.2952591216 0 74 5
P 22.6364914495 4.23396743858 0 74 5
P 17.5800933363 8.1213400253 0 32 2
P 5.05639811319 1.40788653487 0 32 2
P 6.15415524424 6.7284098919 0 71 4
P 16.4823362052 2.800816668285 0 71 4
P 2.54948389263 7.9336730544 0 58 5
P 20.0870075568 1.59555350581 0 58 5
P 11.3182457247 16.764613280095 0 95 0
P 10.7153855601 15.448287010345 3 100 5
P 11.9211058894 18.08093954985 4 100 5
P 5.33333398238 19.91563868965 0 7 1
P 17.3031574671 13.61358787052 0 7 1
P 4.34767723191 18.58053984295 0 79 4
P 18.2888142176 14.948686717255 0 79 4
P 20.3407088321 12 0 59 4
P 2.29578261738 21.5292265602 0 59 4
P 20.1287243352 16.19800223241 0 82 4
P 2.50776711429 17.3312243278 0 82 4
P 16.2784063635 12.095278166512 0 70 3
P 6.35808508594 21.4339483937 0 70 3
P 3.48709865342 13.10528775387 0 20 2
P 19.149392796 20.4239388063 0 20 2
P 0.0 17.2952591216 0 74 5
P 22.6364914495 16.23396743858 0 74 5
P 17.5800933363 20.1213400253 0 32 2
P 5.05639811319 13.40788653487 0 32 2
P 6.15415524424 18.7284098919 0 71 4
P 16.4823362052 14.800816668285 0 71 4
P 2.54948389263 19.9336730544 0 58 5
P 20.0870075568 13.59555350581 0 58 5
