P 11.5415167227 5.68752282615 0 25 2
P 21.1414055108 6.5630961633 1 100 5
P 1.94162793462 4.81194948898 2 100 5
P 12.6794988151 2.76414205297 0 36 2
P 10.4035346304 8.6109035993 0 36 2
P 7.02522612488 0.1118263132655 0 78 4
P 16.0578073206 11.263219339 0 78 4
P 18.212893001 1.465587902025 0 3 1
P 4.87014044445 9.90945775025 0 3 1
P 12.118092276 9.2101537669 0 90 5
P 10.9649411695 2.164891885365 0 90 5
P 18.3753491809 9.3928427854 0 54 4
P 4.70768426455 1.98220286688 0 54 4
P 4.79284918362 8.1519828153 0 17 1
P 18.2901842618 3.22306283699 0 17 1
P 12.0272520971 5.02298394325 0 57 2
P 11.0557813484 6.35206170905 0 57 2
P 0.0 0 0 47 4
P 23.0830334454 11.3750456523 0 47 4
P 14.8907153573 3.400701391895 0 50 2
P 8.19231808813 7.9743442604 0 50 2
P 21.3399169007 9.8707145509 0 26 1
P 1.74311654474 1.50433110138 0 26 1
P 11.5415167227 17.68752282615 0 25 2
P 21.1414055108 18.5630961633 3 100 5
P 1.94162793462 16.81194948898 4 100 5
P 12.6794988151 14.76414205297 0 36 2
P 10.4035346304 20.6109035993 0 36 2
P 7.02522612488 12.1118263132655 0 78 4
P 16.0578073206 23.263219339 0 78 4
P 18.212893001 13.465587902025 0 3 1
P 4.87014044445 21.90945775025 0 3 1
P 12.118092276 21.2101537669 0 90 5
P 10.9649411695 14.164891885365 0 90 5
P 18.3753491809 21.3928427854 0 54 4
P 4.70768426455 13.98220286688 0 54 4
P 4.79284918362 20.1519828153 0 17 1
P 18.2901842618 15.22306283699 0 17 1
P 12.0272520971 17.02298394325 0 57 2
P 11.0557813484 18.35206170905 0 57 2
P 0.0 12 0 47 4
P 23.0830334454 23.3750456523 0 47 4
P 14.8907153573 15.400701391895 0 50 2
P 8.19231808813 19.9743442604 0 50 2
P 21.3399169007 21.8707145509 0 26 1
P 1.74311654474 13.50433110138 0 26 1
