P 8.81908691707 5.5143298628 0 49 2
P 14.3080706987 0.0717389842015 1 100 5
P 3.33010313544 10.9569207414 2 100 5
P 6.77998896023 11.0286597256 0 5 2
P 10.8581848739 0 0 5 2
P 5.75289346688 0.60577079394 0 65 4
P 11.8852803672 10.42288893165 0 65 4
P 17.6381738341 4.45647776119 0 34 3
P 0.0 6.5721819644 0 34 3
P 1.08976720545 5.6740241612 0 22 4
P 16.5484066287 5.35463556435 0 22 4
P 17.1223868452 6.92212157535 0 41 3
P 0.51578698894 4.106538150215 0 41 3
P 15.6861594195 7.94651378375 0 7 5
P 1.95201441468 3.08214594185 0 7 5
P 11.5557472551 5.2809736485 0 63 1
P 6.082426579 5.7476860771 0 63 1
P 1.9652859109 1.494865592685 0 65 1
P 15.6728879232 9.5337941329 0 65 1
P 13.8915381249 6.05490767635 0 49 5
P 3.74663570927 4.97375204922 0 49 5
P 16.0172803288 3.42308530668 0 83 4
P 1.6208935053 7.6055744189 0 83 4
P 8.81908691707 17.5143298628 0 49 2
P 14.3080706987 12.0717389842015 3 100 5
P 3.33010313544 22.9569207414 4 100 5
P 6.77998896023 23.0286597256 0 5 2
P 10.8581848739 12 0 5 2
P 5.75289346688 12.60577079394 0 65 4
P 11.8852803672 22.42288893165 0 65 4
P 17.6381738341 16.45647776119 0 34 3
P 0.0 18.5721819644 0 34 3
P 1.08976720545 17.6740241612 0 22 4
P 16.5484066287 17.35463556435 0 22 4
P 17.1223868452 18.92212157535 0 41 3
P 0.51578698894 16.106538150215 0 41 3
P 15.6861594195 19.94651378375 0 7 5
P 1.95201441468 15.08214594185 0 7 5
P 11.5557472551 17.2809736485 0 63 1
P 6.082426579 17.7476860771 0 63 1
P 1.9652859109 13.494865592685 0 65 1
P 15.6728879232 21.5337941329 0 65 1
P 13.8915381249 18.05490767635 0 49 5
P 3.74663570927 16.97375204922 0 49 5
P 16.0172803288 15.42308530668 0 83 4
P 1.6208935053 19.6055744189 0 83 4
