P 11.639851498 5.6158871113 0 65 3
P 17.0456015145 4.79387175428 1 100 5
P 6.23410148147 6.4379024683 2 100 5
P 23.279702996 4.301492248075 0 27 2
P 0.0 6.9302819745 0 27 2
P 6.0882461511 5.2499109144 0 60 4
P 17.1914568449 5.98186330815 0 60 4
P 2.685991705 7.3831707625 0 82 5
P 20.593711291 3.848603460065 0 82 5
P 4.60190723979 3.754685398425 0 52 3
P 18.6777957562 7.47708882415 0 52 3
P 0.287987370816 8.9035148583 0 43 4
P 22.9917156251 2.32825936427 0 43 4
P 22.5558181165 0 0 14 4
P 0.723884879494 11.23177422255 0 14 4
P 10.2402878682 9.21175863885 0 17 3
P 13.0394151278 2.02001558373 0 17 3
P 1.80852294531 3.98276873596 0 58 2
P 21.4711800506 7.2490054866 0 58 2
P 15.4209763719 1.72497895446 0 88 5
P 7.85872662409 9.5067952681 0 88 5
P 19.1659221827 10.64261852675 0 21 2
P 4.11378081327 0.589155695815 0 21 2
P 11.639851498 17.6158871113 0 65 3
P 17.0456015145 16.79387175428 3 100 5
P 6.23410148147 18.4379024683 4 100 5
P 23.279702996 16.301492248075 0 27 2
P 0.0 18.9302819745 0 27 2
P 6.0882461511 17.2499109144 0 60 4
P 17.1914568449 17.98186330815 0 60 4
P 2.685991705 19.3831707625 0 82 5
P 20.593711291 15.848603460065 0 82 5
P 4.60190723979 15.754685398425 0 52 3
P 18.6777957562 19.47708882415 0 52 3
P 0.287987370816 20.9035148583 0 43 4
P 22.9917156251 14.32825936427 0 43 4
P 22.5558181165 12 0 14 4
P 0.723884879494 23.23177422255 0 14 4
P 10.2402878682 21.21175863885 0 17 3
P 13.0394151278 14.02001558373 0 17 3
P 1.80852294531 15.98276873596 0 58 2
P 21.4711800506 19.2490054866 0 58 2
P 15.4209763719 13.72497895446 0 88 5
P 7.85872662409 21.5067952681 0 88 5
P 19.1659221827 22.64261852675 0 21 2
P 4.11378081327 12.589155695815 0 21 2
