P 11.9861612055 5.45949267185 0 104 4
P 17.4007073894 5.82024078485 1 100 5
P 6.57161502166 5.09874455885 2 100 5
P 15.6452587712 8.48517260795 0 37 2
P 8.32706363988 2.4338127358 0 37 2
P 0.0 0.63086902104 0 60 5
P 23.9723224111 10.2881163227 0 60 5
P 11.4605020339 7.8368359193 0 20 1
P 12.5118203771 3.082149424445 0 20 1
P 2.00730007529 8.47826681785 0 54 2
P 21.9650223358 2.440718525885 0 54 2
P 14.8215459465 10.91898534375 0 61 5
P 9.15077646452 0 0 61 5
P 20.6042987045 3.175916603495 0 10 5
P 3.36802370653 7.74306874025 0 10 5
P 5.10354835808 4.280012482185 0 49 1
P 18.868774053 6.63897286155 0 49 1
P 3.58923504982 4.58459160727 0 80 2
P 20.3830873612 6.33439373645 0 80 2
P 20.7095517182 9.29848097505 0 50 5
P 3.26277069282 1.6205043687 0 50 5
P 5.51939032983 2.40692018677 0 85 3
P 18.4529320812 8.51206515695 0 85 3
P 11.9861612055 17.45949267185 0 104 4
P 17.4007073894 17.82024078485 3 100 5
P 6.57161502166 17.09874455885 4 100 5
P 15.6452587712 20.48517260795 0 37 2
P 8.32706363988 14.4338127358 0 37 2
P 0.0 12.63086902104 0 60 5
P 23.9723224111 22.2881163227 0 60 5
P 11.4605020339 19.8368359193 0 20 1
P 12.5118203771 15.082149424445 0 20 1
P 2.00730007529 20.47826681785 0 54 2
P 21.9650223358 14.440718525885 0 54 2
P 14.8215459465 22.91898534375 0 61 5
P 9.15077646452 12 0 61 5
P 20.6042987045 15.175916603495 0 10 5
P 3.36802370653 19.74306874025 0 10 5
P 5.10354835808 16.280012482185 0 49 1
P 18.868774053 18.63897286155 0 49 1
P 3.58923504982 16.58459160727 0 80 2
P 20.3830873612 18.33439373645 0 80 2
P 20.7095517182 21.29848097505 0 50 5
P 3.26277069282 13.6205043687 0 50 5
P 5.51939032983 14.40692018677 0 85 3
P 18.4529320812 20.51206515695 0 85 3
