P 10.9630933816 5.127894965 0 2 5
P 18.7665310527 9.1786280934 1 100 5
P 3.1596557106 1.07716183661 2 100 5
P 21.2413536497 3.384390682845 0 30 2
P 0.684833113596 6.87139924715 0 30 2
P 6.45514062695 7.9593803059 0 9 1
P 15.4710461363 2.296409624125 0 9 1
P 14.1495665447 10.25578993 0 29 5
P 7.77662021858 0 0 29 5
P 16.5727121603 7.0514314311 0 74 2
P 5.35347460296 3.2043584989 0 74 2
P 0.0 2.96058716296 0 55 4
P 21.9261867633 7.29520276705 0 55 4
P 13.39941444 5.76172684875 0 67 3
P 8.52677232327 4.494063081265 0 67 3
P 1.5716639136 1.849476958625 0 19 4
P 20.3545228497 8.4063129714 0 19 4
P 0.370913211618 7.70693487515 0 88 1
P 21.5552735517 2.548855054835 0 88 1
P 6.4740493791 2.121563453865 0 41 3
P 15.4521373842 8.13422647615 0 41 3
P 11.2787729377 1.691852745385 0 49 3
P 10.6474138256 8.5639371846 0 49 3
P 10.9630933816 17.127894965 0 2 5
P 18.7665310527 21.1786280934 3 100 5
P 3.1596557106 13.07716183661 4 100 5
P 21.2413536497 15.384390682845 0 30 2
P 0.684833113596 18.87139924715 0 30 2
P 6.45514062695 19.9593803059 0 9 1
P 15.4710461363 14.296409624125 0 9 1
P 14.1495665447 22.25578993 0 29 5
P 7.77662021858 12 0 29 5
P 16.5727121603 19.0514314311 0 74 2
P 5.35347460296 15.2043584989 0 74 2
P 0.0 14.96058716296 0 55 4
P 21.9261867633 19.29520276705 0 55 4
P 13.39941444 17.76172684875 0 67 3
P 8.52677232327 16.494063081265 0 67 3
P 1.5716639136 13.849476958625 0 19 4
P 20.3545228497 20.4063129714 0 19 4
P 0.370913211618 19.70693487515 0 88 1
P 21.5552735517 14.548855054835 0 88 1
P 6.4740493791 14.121563453865 0 41 3
P 15.4521373842 20.13422647615 0 41 3
P 11.2787729377 13.691852745385 0 49 3
P 10.6474138256 20.5639371846 0 49 3
