P 11.678922705 5.95834448865 0 136 3
P 16.3782495733 2.149007125435 1 100 5
P 6.97959583672 9.76768185185 2 100 5
P 6.14255401818 0.998821553375 0 45 2
P 17.2152913919 10.9178674239 0 45 2
P 19.801267086 9.26699350925 0 24 4
P 3.55657832401 2.64969546802 0 24 4
P 10.950663385 0 0 16 1
P 12.4071820251 11.9166889773 0 16 1
P 2.16536673202 8.7914926101 0 15 2
P 21.192478678 3.125196367195 0 15 2
P 16.1642276333 5.16906673075 0 78 3
P 7.19361777674 6.74762224655 0 78 3
P 15.3946492755 6.91531180215 0 67 3
P 7.96319613457 5.00137717515 0 67 3
P 8.36379190687 1.400625395355 0 29 2
P 14.9940535032 10.51606358195 0 29 2
P 2.3385684866 8.04533408455 0 88 1
P 21.0192769234 3.871354892715 0 88 1
P 1.49402743284 2.79777731871 0 12 1
P 21.8638179772 9.1189116586 0 12 1
P 23.35784541 8.4561866752 0 23 3
P 0.0 3.46050230208 0 23 3
P 11.678922705 17.95834448865 0 136 3
P 16.3782495733 14.149007125435 3 100 5
P 6.97959583672 21.76768185185 4 100 5
P 6.14255401818 12.998821553375 0 45 2
P 17.2152913919 22.9178674239 0 45 2
P 19.801267086 21.26699350925 0 24 4
P 3.55657832401 14.64969546802 0 24 4
P 10.950663385 12 0 16 1
P 12.4071820251 23.9166889773 0 16 1
P 2.16536673202 20.7914926101 0 15 2
P 21.192478678 15.125196367195 0 15 2
P 16.1642276333 17.16906673075 0 78 3
P 7.19361777674 18.74762224655 0 78 3
P 15.3946492755 18.91531180215 0 67 3
P 7.96319613457 17.00137717515 0 67 3
P 8.36379190687 13.400625395355 0 29 2
P 14.9940535032 22.51606358195 0 29 2
P 2.3385684866 20.04533408455 0 88 1
P 21.0192769234 15.871354892715 0 88 1
P 1.49402743284 14.79777731871 0 12 1
P 21.8638179772 21.1189116586 0 12 1
P 23.35784541 20.4561866752 0 23 3
P 0.0 15.46050230208 0 23 3
