P 10.2476147214 5.45781162225 0 128 2
P 16.0260170346 9.85627329795 1 100 5
P 4.46921240832 1.059349946545 2 100 5
P 13.7447488134 5.35244723615 0 78 4
P 6.75048062951 5.56317600835 0 78 4
P 4.09422562438 2.945595182165 0 64 5
P 16.4010038185 7.97002806235 0 64 5
P 3.10687483243 8.0809614681 0 55 5
P 17.3883546104 2.83466177643 0 55 5
P 0.117566087445 4.206748538325 0 52 3
P 20.3776633554 6.7088747062 0 52 3
P 20.4952294429 5.32828023975 0 71 4
P 0.0 5.58734300475 0 71 4
P 4.59715126678 0 0 31 5
P 15.8980781761 10.9156232445 0 31 5
P 7.00726582577 2.09827097229 0 33 3
P 13.4879636171 8.8173522722 0 33 3
P 7.36275659515 7.8264624213 0 74 4
P 13.1324728477 3.08916082321 0 74 4
P 9.66416159105 2.749531644045 0 9 4
P 10.8310678518 8.16609160045 0 9 4
P 12.8660210321 9.8474100706 0 81 2
P 7.62920841081 1.068213173915 0 81 2
P 10.2476147214 17.45781162225 0 128 2
P 16.0260170346 21.85627329795 3 100 5
P 4.46921240832 13.059349946545 4 100 5
P 13.7447488134 17.35244723615 0 78 4
P 6.75048062951 17.56317600835 0 78 4
P 4.09422562438 14.945595182165 0 64 5
P 16.4010038185 19.97002806235 0 64 5
P 3.10687483243 20.0809614681 0 55 5
P 17.3883546104 14.83466177643 0 55 5
P 0.117566087445 16.206748538325 0 52 3
P 20.3776633554 18.7088747062 0 52 3
P 20.4952294429 17.32828023975 0 71 4
P 0.0 17.58734300475 0 71 4
P 4.59715126678 12 0 31 5
P 15.8980781761 22.9156232445 0 31 5
P 7.00726582577 14.09827097229 0 33 3
P 13.4879636171 20.8173522722 0 33 3
P 7.36275659515 19.8264624213 0 74 4
P 13.1324728477 15.08916082321 0 74 4
P 9.66416159105 14.749531644045 0 9 4
P 10.8310678518 20.16609160045 0 9 4
P 12.8660210321 21.8474100706 0 81 2
P 7.62920841081 13.068213173915 0 81 2
