P 11.9957964122 5.93615103045 0 74 0
P 6.9640046113 5.80519831635 1 100 5
P 17.0275882131 6.06710374455 2 100 5
P 19.8668406933 4.570944168715 0 88 5
P 4.12475213108 7.3013578922 0 88 5
P 3.78179270295 11.8723020609 0 49 3
P 20.2098001214 0 0 49 3
P 2.11492362232 6.860738765 0 11 5
P 21.8766692021 5.0115632959 0 11 5
P 16.2674628885 4.702826305965 0 8 3
P 7.72412993587 7.16947575495 0 8 3
P 9.39902452372 10.93201289685 0 69 1
P 14.5925683007 0.940289164035 0 69 1
P 22.9629515247 6.5518618053 0 13 5
P 1.02864129967 5.3204402556 0 13 5
P 23.9915928244 5.82660822185 0 2 2
P 0.0 6.04569383905 0 2 2
P 15.7894032533 11.36828438885 0 12 2
P 8.20218957109 0.50401767207 0 12 2
P 22.2040518407 1.37730503605 0 1 3
P 1.78754098372 10.49499702485 0 1 3
P 19.2369891324 8.7854141368 0 29 5
P 4.75460369195 3.086887924085 0 29 5
P 11.9957964122 17.93615103045 0 74 0
P 6.9640046113 17.80519831635 3 100 5
P 17.0275882131 18.06710374455 4 100 5
P 19.8668406933 16.570944168715 0 88 5
P 4.12475213108 19.3013578922 0 88 5
P 3.78179270295 23.8723020609 0 49 3
P 20.2098001214 12 0 49 3
P 2.11492362232 18.860738765 0 11 5
P 21.8766692021 17.0115632959 0 11 5
P 16.2674628885 16.702826305965 0 8 3
P 7.72412993587 19.16947575495 0 8 3
P 9.39902452372 22.93201289685 0 69 1
P 14.5925683007 12.940289164035 0 69 1
P 22.9629515247 18.5518618053 0 13 5
P 1.02864129967 17.3204402556 0 13 5
P 23.9915928244 17.82660822185 0 2 2
P 0.0 18.04569383905 0 2 2
P 15.7894032533 23.36828438885 0 12 2
P 8.20218957109 12.50401767207 0 12 2
P 22.2040518407 13.37730503605 0 1 3
P 1.78754098372 22.49499702485 0 1 3
P 19.2369891324 20.7854141368 0 29 5
P 4.75460369195 15.086887924085 0 29 5
