P 10.3872918409 4.720837550715 0 57 2
P 8.70341884641 5.44651851665 1 100 5
P 12.0711648354 3.99515658478 2 100 5
P 16.1901187096 0.54082380715 0 70 1
P 4.58446497217 8.9008512943 0 70 1
P 5.27527701085 7.06216485285 0 66 3
P 15.499306671 2.379510248575 0 66 3
P 3.50395996996 7.19299747355 0 52 4
P 17.2706237118 2.2486776279 0 52 4
P 19.8706061619 0 0 50 3
P 0.903977519877 9.44167510145 0 50 3
P 1.72376471905 7.41704439025 0 65 2
P 19.0508189628 2.024630711185 0 65 2
P 19.0100802598 6.79008185955 0 68 3
P 1.76450342202 2.65159324188 0 68 3
P 1.56874204723 1.76162424478 0 84 2
P 19.2058416346 7.68005085665 0 84 2
P 20.7745836818 8.994065954 0 20 5
P 0.0 0.44760914744 0 20 5
P 8.14941659711 3.961386121225 0 90 2
P 12.6251670847 5.4802889802 0 90 2
P 0.296975067671 8.4396208634 0 63 5
P 20.4776086141 1.00205423805 0 63 5
P 10.3872918409 16.720837550715 0 57 2
P 8.70341884641 17.44651851665 3 100 5
P 12.0711648354 15.99515658478 4 100 5
P 16.1901187096 12.54082380715 0 70 1
P 4.58446497217 20.9008512943 0 70 1
P 5.27527701085 19.06216485285 0 66 3
P 15.499306671 14.379510248575 0 66 3
P 3.50395996996 19.19299747355 0 52 4
P 17.2706237118 14.2486776279 0 52 4
P 19.8706061619 12 0 50 3
P 0.903977519877 21.44167510145 0 50 3
P 1.72376471905 19.41704439025 0 65 2
P 19.0508189628 14.024630711185 0 65 2
P 19.0100802598 18.79008185955 0 68 3
P 1.76450342202 14.65159324188 0 68 3
P 1.56874204723 13.76162424478 0 84 2
P 19.2058416346 19.68005085665 0 84 2
P 20.7745836818 20.994065954 0 20 5
P 0.0 12.44760914744 0 20 5
P 8.14941659711 15.961386121225 0 90 2
P 12.6251670847 17.4802889802 0 90 2
P 0.296975067671 20.4396208634 0 63 5
P 20.4776086141 13.00205423805 0 63 5
