P 11.5494985387 5.7116856313 0 76 1
P 13.916469811 11.42337126255 1 100 5
P 9.1825272664 0 2 100 5
P 15.1536475266 7.87224977095 0 64 2
P 7.94534955081 3.55112149161 0 64 2
P 22.8221758362 5.5515362634 0 84 5
P 0.276821241233 5.8718349992 0 84 5
P 19.9637431239 0.266304441215 0 10 3
P 3.13525395348 11.15706682135 0 10 3
P 22.1861292228 9.98726211765 0 57 1
P 0.912867854632 1.436109144895 0 57 1
P 1.68115425335 2.01770333892 0 48 2
P 21.4178428241 9.40566792365 0 48 2
P 3.25749231341 2.12678707707 0 50 2
P 19.841504764 9.2965841855 0 50 2
P 17.4701258506 3.954804978545 0 62 5
P 5.62887122683 7.46856628405 0 62 5
P 18.8195511624 4.75973367208 0 6 5
P 4.27944591501 6.6636375905 0 6 5
P 18.6176611974 1.53468793012 0 87 1
P 4.48133588003 9.88868333245 0 87 1
P 0.0 8.42398741865 0 6 3
P 23.0989970774 2.99938384393 0 6 3
P 11.5494985387 17.7116856313 0 76 1
P 13.916469811 23.42337126255 3 100 5
P 9.1825272664 12 4 100 5
P 15.1536475266 19.87224977095 0 64 2
P 7.94534955081 15.55112149161 0 64 2
P 22.8221758362 17.5515362634 0 84 5
P 0.276821241233 17.8718349992 0 84 5
P 19.9637431239 12.266304441215 0 10 3
P 3.13525395348 23.15706682135 0 10 3
P 22.1861292228 21.98726211765 0 57 1
P 0.912867854632 13.436109144895 0 57 1
P 1.68115425335 14.01770333892 0 48 2
P 21.4178428241 21.40566792365 0 48 2
P 3.25749231341 14.12678707707 0 50 2
P 19.841504764 21.2965841855 0 50 2
P 17.4701258506 15.954804978545 0 62 5
P 5.62887122683 19.46856628405 0 62 5
P 18.8195511624 16.75973367208 0 6 5
P 4.27944591501 18.6636375905 0 6 5
P 18.6176611974 13.53468793012 0 87 1
P 4.48133588003 21.88868333245 0 87 1
P 0.0 20.42398741865 0 6 3
P 23.0989970774 14.99938384393 0 6 3
