P 11.1543457672 5.5615195229 0 126 0
P 20.2580532014 8.66890383015 1 100 5
P 2.05063833309 2.454135215675 2 100 5
P 1.73586360053 9.5507049414 0 16 3
P 20.5728279339 1.572334104425 0 16 3
P 4.81222872463 7.15621567425 0 67 3
P 17.4964628098 3.96682337159 0 67 3
P 5.22182783935 10.91235375905 0 6 2
P 17.0868636951 0.210685286764 0 6 2
P 15.9064827434 5.00245719605 0 13 5
P 6.40220879104 6.1205818498 0 13 5
P 8.03902742352 0 0 17 1
P 14.2696641109 11.12303904585 0 17 1
P 16.8754841957 10.15941535945 0 19 2
P 5.43320733871 0.963623686355 0 19 2
P 17.2186646717 9.3944814364 0 21 4
P 5.09002686278 1.72855760943 0 21 4
P 4.67339275292 0.0366524470781 0 74 2
P 17.6352987815 11.08638659875 0 74 2
P 10.1881521031 7.0015954986 0 23 3
P 12.1205394314 4.12144354721 0 23 3
P 22.3086915345 10.9539002787 0 8 3
P 0.0 0.169138767106 0 8 3
P 11.1543457672 17.5615195229 0 126 0
P 20.2580532014 20.66890383015 3 100 5
P 2.05063833309 14.454135215675 4 100 5
P 1.73586360053 21.5507049414 0 16 3
P 20.5728279339 13.572334104425 0 16 3
P 4.81222872463 19.15621567425 0 67 3
P 17.4964628098 15.96682337159 0 67 3
P 5.22182783935 22.91235375905 0 6 2
P 17.0868636951 12.210685286764 0 6 2
P 15.9064827434 17.00245719605 0 13 5
P 6.40220879104 18.1205818498 0 13 5
P 8.03902742352 12 0 17 1
P 14.2696641109 23.12303904585 0 17 1
P 16.8754841957 22.15941535945 0 19 2
P 5.43320733871 12.963623686355 0 19 2
P 17.2186646717 21.3944814364 0 21 4
P 5.09002686278 13.72855760943 0 21 4
P 4.67339275292 12.0366524470781 0 74 2
P 17.6352987815 23.08638659875 0 74 2
P 10.1881521031 19.0015954986 0 23 3
P 12.1205394314 16.12144354721 0 23 3
P 22.3086915345 22.9539002787 0 8 3
P 0.0 12.169138767106 0 8 3
