P 11.0853149139 5.7878549611 0 85 0
P 16.116536502 1.144002671015 1 100 5
P 6.05409332591 10.4317072512 2 100 5
P 8.56411921164 9.40661455805 0 20 2
P 13.6065106162 2.16909536417 0 20 2
P 1.87234448481 9.2743741175 0 20 5
P 20.2982853431 2.3013358047 0 20 5
P 6.51337154502 3.9692854327 0 48 2
P 15.6572582828 7.6064244895 0 48 2
P 17.3126788065 5.9885145622 0 45 3
P 4.85795102138 5.58719536 0 45 3
P 13.7770171363 11.5757099222 0 43 2
P 8.39361269155 0 0 43 2
P 19.6903346842 4.198814410165 0 28 3
P 2.48029514364 7.37689551205 0 28 3
P 20.1994526685 3.31950456976 0 45 4
P 1.97117715937 8.25620535245 0 45 4
P 7.42631085663 8.69306697115 0 24 4
P 14.7443189712 2.88264295108 0 24 4
P 22.1706298279 7.3384265221 0 48 1
P 0.0 4.23728340013 0 48 1
P 12.9500817615 5.7145705825 0 4 5
P 9.22054806631 5.8611393397 0 4 5
P 11.0853149139 17.7878549611 0 85 0
P 16.116536502 13.144002671015 3 100 5
P 6.05409332591 22.4317072512 4 100 5
P 8.56411921164 21.40661455805 0 20 2
P 13.6065106162 14.16909536417 0 20 2
P 1.87234448481 21.2743741175 0 20 5
P 20.2982853431 14.3013358047 0 20 5
P 6.51337154502 15.9692854327 0 48 2
P 15.6572582828 19.6064244895 0 48 2
P 17.3126788065 17.9885145622 0 45 3
P 4.85795102138 17.58719536 0 45 3
P 13.7770171363 23.5757099222 0 43 2
P 8.39361269155 12 0 43 2
P 19.6903346842 16.198814410165 0 28 3
P 2.48029514364 19.37689551205 0 28 3
P 20.1994526685 15.31950456976 0 45 4
P 1.97117715937 20.25620535245 0 45 4
P 7.42631085663 20.69306697115 0 24 4
P 14.7443189712 14.88264295108 0 24 4
P 22.1706298279 19.3384265221 0 48 1
P 0.0 16.23728340013 0 48 1
P 12.9500817615 17.7145705825 0 4 5
P 9.22054806631 17.8611393397 0 4 5
