P 11.5315608542 5.8610201911 0 14 4
P 17.6363978028 8.90552567635 1 100 5
P 5.42672390555 2.816514705845 2 100 5
P 22.5729375474 2.846135164415 0 46 3
P 0.490184160906 8.8759052178 0 46 3
P 4.14799099062 3.35906166276 0 36 1
P 18.9151307177 8.36297871945 0 36 1
P 0.0349564684655 2.873565267265 0 6 5
P 23.0281652399 8.84847511495 0 6 5
P 0.0 0 0 60 4
P 23.0631217083 11.7220403822 0 60 4
P 5.23371062962 6.14226950655 0 11 1
P 17.8294110787 5.5797708757 0 11 1
P 14.7421037316 6.90941323785 0 20 5
P 8.32101797671 4.81262714438 0 20 5
P 15.1240884639 8.0857446027 0 24 1
P 7.93903324445 3.636295779505 0 24 1
P 5.37296822287 8.2381357355 0 26 3
P 17.6901534855 3.483904646705 0 26 3
P 16.4927199989 0.4729012431895 0 4 3
P 6.57040170945 11.24913913905 0 4 3
P 15.2878461074 10.4618985386 0 17 5
P 7.77527560089 1.26014184363 0 17 5
P 11.5315608542 17.8610201911 0 14 4
P 17.6363978028 20.90552567635 3 100 5
P 5.42672390555 14.816514705845 4 100 5
P 22.5729375474 14.846135164415 0 46 3
P 0.490184160906 20.8759052178 0 46 3
P 4.14799099062 15.35906166276 0 36 1
P 18.9151307177 20.36297871945 0 36 1
P 0.0349564684655 14.873565267265 0 6 5
P 23.0281652399 20.84847511495 0 6 5
P 0.0 12 0 60 4
P 23.0631217083 23.7220403822 0 60 4
P 5.23371062962 18.14226950655 0 11 1
P 17.8294110787 17.5797708757 0 11 1
P 14.7421037316 18.90941323785 0 20 5
P 8.32101797671 16.81262714438 0 20 5
P 15.1240884639 20.0857446027 0 24 1
P 7.93903324445 15.636295779505 0 24 1
P 5.37296822287 20.2381357355 0 26 3
P 17.6901534855 15.483904646705 0 26 3
P 16.4927199989 12.4729012431895 0 4 3
P 6.57040170945 23.24913913905 0 4 3
P 15.2878461074 22.4618985386 0 17 5
P 7.77527560089 13.26014184363 0 17 5
