P 9.27418670596 5.9938980384 0 100 0
P 3.33154570264 6.4751148008 1 100 5
P 15.2168277093 5.512681276 2 100 5
P 3.17827226398 1.49221083077 0 67 1
P 15.3701011479 10.49558524605 0 67 1
P 6.34399126645 0 0 24 2
P 12.2043821455 11.98779607685 0 24 2
P 0.720230379647 10.4145746376 0 22 5
P 17.8281430323 1.573221439225 0 22 5
P 13.6033511671 3.6641370967 0 31 4
P 4.94502224486 8.32365898015 0 31 4
P 13.2570335216 9.85297601315 0 63 5
P 5.29133989033 2.134820063695 0 63 5
P 0.0 8.0720763692 0 34 2
P 18.5483734119 3.915719707635 0 34 2
P 18.5253396387 2.43139687899 0 13 2
P 0.0230337732541 9.55639919785 0 13 2
P 0.239630417385 11.4246500767 0 43 1
P 18.3087429945 0.563146000135 0 43 1
P 4.46096924191 1.163846042145 0 22 4
P 14.08740417 10.8239500347 0 22 4
P 2.79281029318 2.76014973974 0 80 1
P 15.7555631187 9.2276463371 0 80 1
P 9.27418670596 17.9938980384 0 100 0
P 3.33154570264 18.4751148008 3 100 5
P 15.2168277093 17.512681276 4 100 5
P 3.17827226398 13.49221083077 0 67 1
P 15.3701011479 22.49558524605 0 67 1
P 6.34399126645 12 0 24 2
P 12.2043821455 23.98779607685 0 24 2
P 0.720230379647 22.4145746376 0 22 5
P 17.8281430323 13.573221439225 0 22 5
P 13.6033511671 15.6641370967 0 31 4
P 4.94502224486 20.32365898015 0 31 4
P 13.2570335216 21.85297601315 0 63 5
P 5.29133989033 14.134820063695 0 63 5
P 0.0 20.0720763692 0 34 2
P 18.5483734119 15.915719707635 0 34 2
P 18.5253396387 14.43139687899 0 13 2
P 0.0230337732541 21.55639919785 0 13 2
P 0.239630417385 23.4246500767 0 43 1
P 18.3087429945 12.563146000135 0 43 1
P 4.46096924191 13.163846042145 0 22 4
P 14.08740417 22.8239500347 0 22 4
P 2.79281029318 14.76014973974 0 80 1
P 15.7555631187 21.2276463371 0 80 1
