P 11.0357346548 4.86634105512 0 91 0
P 14.543106046 9.11912112275 1 100 5
P 7.52836326358 0.61356098747 2 100 5
P 8.84824562115 6.10487243635 0 29 5
P 13.2232236885 3.62780967388 0 29 5
P 0.371764263536 1.13701166788 0 81 1
P 21.6997050461 8.59567044235 0 81 1
P 11.9501537874 0 0 46 5
P 10.1213155222 9.73268211025 0 46 5
P 21.4509148631 3.530143759975 0 63 4
P 0.620554446576 6.20253835025 0 63 4
P 1.14663348143 2.74553007105 0 47 4
P 20.9248358282 6.9871520392 0 47 4
P 12.471008807 1.125711897085 0 34 3
P 9.60046050261 8.60697021315 0 34 3
P 22.0714693096 4.61288172677 0 89 3
P 0.0 5.11980038345 0 89 3
P 15.0592794423 2.182095528155 0 35 2
P 7.01218986729 7.5505865821 0 35 2
P 13.3161012588 6.434063211 0 22 5
P 8.7553680508 3.29861889924 0 22 5
P 13.1966223118 8.0854736378 0 69 1
P 8.87484699782 1.647208472465 0 69 1
P 11.0357346548 16.86634105512 0 91 0
P 14.543106046 21.11912112275 3 100 5
P 7.52836326358 12.61356098747 4 100 5
P 8.84824562115 18.10487243635 0 29 5
P 13.2232236885 15.62780967388 0 29 5
P 0.371764263536 13.13701166788 0 81 1
P 21.6997050461 20.59567044235 0 81 1
P 11.9501537874 12 0 46 5
P 10.1213155222 21.73268211025 0 46 5
P 21.4509148631 15.530143759975 0 63 4
P 0.620554446576 18.20253835025 0 63 4
P 1.14663348143 14.74553007105 0 47 4
P 20.9248358282 18.9871520392 0 47 4
P 12.471008807 13.125711897085 0 34 3
P 9.60046050261 20.60697021315 0 34 3
P 22.0714693096 16.61288172677 0 89 3
P 0.0 17.11980038345 0 89 3
P 15.0592794423 14.182095528155 0 35 2
P 7.01218986729 19.5505865821 0 35 2
P 13.3161012588 18.434063211 0 22 5
P 8.7553680508 15.29861889924 0 22 5
P 13.1966223118 20.0854736378 0 69 1
P 8.87484699782 13.647208472465 0 69 1
