P 11.0456230535 5.9291640344 0 74 0
P 2.69185614188 2.460616820155 1 100 5
P 19.3993899651 9.3977112486 2 100 5
P 15.5922047311 4.84990953073 0 37 2
P 6.49904137591 7.00841853805 0 37 2
P 14.9903484967 6.0603093694 0 11 4
P 7.10089761032 5.79801869935 0 11 4
P 14.1337651253 2.997314996545 0 58 3
P 7.9574809817 8.8610130722 0 58 3
P 16.8562659605 9.4001953196 0 49 5
P 5.23498014656 2.458132749175 0 49 5
P 19.8785357002 10.5395868882 0 6 2
P 2.21271040682 1.31874118057 0 6 2
P 4.17165543689 0.49216915137 0 52 5
P 17.9195906701 11.3661589174 0 52 5
P 3.44364624159 10.76832166145 0 66 2
P 18.6475998654 1.090006407305 0 66 2
P 20.6829335706 0.3081949679805 0 66 5
P 1.40831253642 11.5501331008 0 66 5
P 11.0937593184 7.3738146705 0 88 4
P 10.9974867886 4.48451339827 0 88 4
P 0.0 0 0 38 3
P 22.091246107 11.85832806875 0 38 3
P 11.0456230535 17.9291640344 0 74 0
P 2.69185614188 14.460616820155 3 100 5
P 19.3993899651 21.3977112486 4 100 5
P 15.5922047311 16.84990953073 0 37 2
P 6.49904137591 19.00841853805 0 37 2
P 14.9903484967 18.0603093694 0 11 4
P 7.10089761032 17.79801869935 0 11 4
P 14.1337651253 14.997314996545 0 58 3
P 7.9574809817 20.8610130722 0 58 3
P 16.8562659605 21.4001953196 0 49 5
P 5.23498014656 14.458132749175 0 49 5
P 19.8785357002 22.5395868882 0 6 2
P 2.21271040682 13.31874118057 0 6 2
P 4.17165543689 12.49216915137 0 52 5
P 17.9195906701 23.3661589174 0 52 5
P 3.44364624159 22.76832166145 0 66 2
P 18.6475998654 13.090006407305 0 66 2
P 20.6829335706 12.3081949679805 0 66 5
P 1.40831253642 23.5501331008 0 66 5
P 11.0937593184 19.3738146705 0 88 4
P 10.9974867886 16.48451339827 0 88 4
P 0.0 12 0 38 3
P 22.091246107 23.85832806875 0 38 3
