P 8.95824545559 4.12215870587 0 54 1
P 7.15555606637 7.1990516113 1 100 5
P 10.7609348448 1.045265800415 2 100 5
P 7.15782250879 0.240647165125 0 60 3
P 10.7586684024 8.0036702466 0 60 3
P 16.215695694 3.42333262222 0 2 2
P 1.7007952172 4.82098478952 0 2 2
P 0.0 3.7319264816 0 14 3
P 17.9164909112 4.51239093014 0 14 3
P 13.2123725314 5.8790461282 0 13 1
P 4.70411837982 2.365271283515 0 13 1
P 4.77272666866 5.00504761675 0 7 2
P 13.1437642425 3.239269794985 0 7 2
P 17.3010631136 7.45281451525 0 50 4
P 0.615427797566 0.79150289647 0 50 4
P 15.2401686294 8.24431741175 0 80 4
P 2.67632228181 0 0 80 4
P 5.43904191427 8.23424633915 0 59 3
P 12.4774489969 0.01007107257815 0 59 3
P 2.96524402974 1.225287245435 0 50 5
P 14.9512468814 7.0190301663 0 50 5
P 12.348755086 4.854960411845 0 2 3
P 5.56773582514 3.389356999895 0 2 3
P 8.95824545559 16.12215870587 0 54 1
P 7.15555606637 19.1990516113 3 100 5
P 10.7609348448 13.045265800415 4 100 5
P 7.15782250879 12.240647165125 0 60 3
P 10.7586684024 20.0036702466 0 60 3
P 16.215695694 15.42333262222 0 2 2
P 1.7007952172 16.82098478952 0 2 2
P 0.0 15.7319264816 0 14 3
P 17.9164909112 16.51239093014 0 14 3
P 13.2123725314 17.8790461282 0 13 1
P 4.70411837982 14.365271283515 0 13 1
P 4.77272666866 17.00504761675 0 7 2
P 13.1437642425 15.239269794985 0 7 2
P 17.3010631136 19.45281451525 0 50 4
P 0.615427797566 12.79150289647 0 50 4
P 15.2401686294 20.24431741175 0 80 4
P 2.67632228181 12 0 80 4
P 5.43904191427 20.23424633915 0 59 3
P 12.4774489969 12.0100710725781 0 59 3
P 2.96524402974 13.225287245435 0 50 5
P 14.9512468814 19.0190301663 0 50 5
P 12.348755086 16.854960411845 0 2 3
P 5.56773582514 15.389356999895 0 2 3
