P 10.973193449 5.9602179174 0 6 5
P 10.2650401568 0.241265429159 1 100 5
P 11.6813467412 11.67917040565 2 100 5
P 15.9020296923 3.599820060755 0 85 4
P 6.04435720575 8.32061577405 0 85 4
P 17.6795856497 11.9204358348 0 74 3
P 4.26680124837 0 0 74 3
P 4.11948892635 8.5514599257 0 19 2
P 17.8268979717 3.36897590913 0 19 2
P 3.4917604597 4.25708836895 0 3 5
P 18.4546264384 7.66334746585 0 3 5
P 21.9463868981 11.65800420475 0 65 2
P 0.0 0.262431630062 0 65 2
P 19.4056721158 2.30084265284 0 83 1
P 2.54071478227 9.619593182 0 83 1
P 20.0968902184 5.3579559838 0 60 2
P 1.84949667966 6.562479851 0 60 2
P 19.9462175435 7.53289887825 0 21 1
P 2.00016935453 4.38753695658 0 21 1
P 15.7272525396 10.39450762625 0 29 4
P 6.21913435845 1.52592820857 0 29 4
P 13.9670881356 1.880548102545 0 63 2
P 7.97929876245 10.03988773225 0 63 2
P 10.973193449 17.9602179174 0 6 5
P 10.2650401568 12.241265429159 3 100 5
P 11.6813467412 23.67917040565 4 100 5
P 15.9020296923 15.599820060755 0 85 4
P 6.04435720575 20.32061577405 0 85 4
P 17.6795856497 23.9204358348 0 74 3
P 4.26680124837 12 0 74 3
P 4.11948892635 20.5514599257 0 19 2
P 17.8268979717 15.36897590913 0 19 2
P 3.4917604597 16.25708836895 0 3 5
P 18.4546264384 19.66334746585 0 3 5
P 21.9463868981 23.65800420475 0 65 2
P 0.0 12.262431630062 0 65 2
P 19.4056721158 14.30084265284 0 83 1
P 2.54071478227 21.619593182 0 83 1
P 20.0968902184 17.3579559838 0 60 2
P 1.84949667966 18.562479851 0 60 2
P 19.9462175435 19.53289887825 0 21 1
P 2.00016935453 16.38753695658 0 21 1
P 15.7272525396 22.39450762625 0 29 4
P 6.21913435845 13.52592820857 0 29 4
P 13.9670881356 13.880548102545 0 63 2
P 7.97929876245 22.03988773225 0 63 2
