P 10.6545618495 5.46959680335 0 19 2
P 10.619331099 10.0014415053 1 100 5
P 10.6897926 0.937752101375 2 100 5
P 18.53031859 8.5258596717 0 80 5
P 2.77880510898 2.41333393498 0 80 5
P 21.309123699 10.9391936067 0 27 2
P 0.0 0 0 27 2
P 19.4302489855 4.735111558015 0 31 1
P 1.87887471354 6.20408204865 0 31 1
P 2.20229281225 10.7870053254 0 39 1
P 19.1068308868 0.152188281292 0 39 1
P 6.42926362386 10.70591006745 0 7 4
P 14.8798600751 0.23328353924 0 7 4
P 1.00463725255 7.96557845355 0 17 4
P 20.3044864465 2.97361515314 0 17 4
P 14.2779222572 4.832562878095 0 77 2
P 7.03120144184 6.1066307286 0 77 2
P 14.504667316 5.8616001282 0 80 4
P 6.80445638303 5.0775934785 0 80 4
P 8.64518320868 5.80084808175 0 69 2
P 12.6639404903 5.1383455249 0 69 2
P 18.8599135545 10.80045884405 0 85 1
P 2.44921014454 0.1387347626185 0 85 1
P 10.6545618495 17.46959680335 0 19 2
P 10.619331099 22.0014415053 3 100 5
P 10.6897926 12.937752101375 4 100 5
P 18.53031859 20.5258596717 0 80 5
P 2.77880510898 14.41333393498 0 80 5
P 21.309123699 22.9391936067 0 27 2
P 0.0 12 0 27 2
P 19.4302489855 16.735111558015 0 31 1
P 1.87887471354 18.20408204865 0 31 1
P 2.20229281225 22.7870053254 0 39 1
P 19.1068308868 12.152188281292 0 39 1
P 6.42926362386 22.70591006745 0 7 4
P 14.8798600751 12.23328353924 0 7 4
P 1.00463725255 19.96557845355 0 17 4
P 20.3044864465 14.97361515314 0 17 4
P 14.2779222572 16.832562878095 0 77 2
P 7.03120144184 18.1066307286 0 77 2
P 14.504667316 17.8616001282 0 80 4
P 6.80445638303 17.0775934785 0 80 4
P 8.64518320868 17.80084808175 0 69 2
P 12.6639404903 17.1383455249 0 69 2
P 18.8599135545 22.80045884405 0 85 1
P 2.44921014454 12.1387347626185 0 85 1
