P 11.9195928917 5.73471241015 0 37 0
P 18.1605448625 11.46942482025 1 100 5
P 5.67864092095 0 2 100 5
P 12.7197644753 10.22536079645 0 37 4
P 11.1194213082 1.244064023815 0 37 4
P 18.5769580793 3.770796509115 0 40 5
P 5.26222770425 7.69862831115 0 40 5
P 3.98622435723 8.52266475255 0 87 3
P 19.8529614263 2.946760067735 0 87 3
P 8.37580384265 7.79109605805 0 22 4
P 15.4633819408 3.6783287622 0 22 4
P 9.51259226057 6.93708591255 0 19 1
P 14.3265935229 4.532338907745 0 19 1
P 8.01439350608 1.321897569855 0 61 3
P 15.8247922774 10.1475272504 0 61 3
P 10.2365687304 11.4289826905 0 17 1
P 13.6026170531 0.0404421297962 0 17 1
P 17.1776526324 6.394283437 0 8 1
P 6.66153315109 5.0751413833 0 8 1
P 2.34229323542 7.18655948645 0 33 4
P 21.4968925481 4.28286533383 0 33 4
P 0.0 4.827126958885 0 21 4
P 23.8391857835 6.6422978614 0 21 4
P 11.9195928917 17.73471241015 0 37 0
P 18.1605448625 23.46942482025 3 100 5
P 5.67864092095 12 4 100 5
P 12.7197644753 22.22536079645 0 37 4
P 11.1194213082 13.244064023815 0 37 4
P 18.5769580793 15.770796509115 0 40 5
P 5.26222770425 19.69862831115 0 40 5
P 3.98622435723 20.52266475255 0 87 3
P 19.8529614263 14.946760067735 0 87 3
P 8.37580384265 19.79109605805 0 22 4
P 15.4633819408 15.6783287622 0 22 4
P 9.51259226057 18.93708591255 0 19 1
P 14.3265935229 16.532338907745 0 19 1
P 8.01439350608 13.321897569855 0 61 3
P 15.8247922774 22.1475272504 0 61 3
P 10.2365687304 23.4289826905 0 17 1
P 13.6026170531 12.0404421297962 0 17 1
P 17.1776526324 18.394283437 0 8 1
P 6.66153315109 17.0751413833 0 8 1
P 2.34229323542 19.18655948645 0 33 4
P 21.4968925481 16.28286533383 0 33 4
P 0.0 16.827126958885 0 21 4
P 23.8391857835 18.6422978614 0 21 4
