P 10.9223757492 5.4018147992 0 130 4
P 17.2938551645 6.5509537535 1 100 5
P 4.55089633388 4.25267584495 2 100 5
P 0.0 0.958763808875 0 6 3
P 21.8447514984 9.84486578955 0 6 3
P 21.364265879 8.08461491715 0 78 3
P 0.480485619334 2.71901468131 0 78 3
P 14.288689826 6.20915770755 0 17 4
P 7.55606167237 4.594471890895 0 17 4
P 18.757253562 2.34947974766 0 33 5
P 3.08749793637 8.4541498508 0 33 5
P 8.46178272007 2.865162119025 0 73 1
P 13.3829687783 7.9384674794 0 73 1
P 18.6374149762 7.22029280275 0 84 3
P 3.20733652221 3.583336795685 0 84 3
P 1.09583308536 10.61047959085 0 45 1
P 20.748918413 0.1931500075925 0 45 1
P 11.8983166778 10.80362959845 0 32 1
P 9.94643482061 0 0 32 1
P 10.6588977579 9.2242651418 0 68 5
P 11.1858537405 1.57936445662 0 68 5
P 1.85105000703 7.54955886445 0 89 3
P 19.9937014913 3.254070734005 0 89 3
P 10.9223757492 17.4018147992 0 130 4
P 17.2938551645 18.5509537535 3 100 5
P 4.55089633388 16.25267584495 4 100 5
P 0.0 12.958763808875 0 6 3
P 21.8447514984 21.84486578955 0 6 3
P 21.364265879 20.08461491715 0 78 3
P 0.480485619334 14.71901468131 0 78 3
P 14.288689826 18.20915770755 0 17 4
P 7.55606167237 16.594471890895 0 17 4
P 18.757253562 14.34947974766 0 33 5
P 3.08749793637 20.4541498508 0 33 5
P 8.46178272007 14.865162119025 0 73 1
P 13.3829687783 19.9384674794 0 73 1
P 18.6374149762 19.22029280275 0 84 3
P 3.20733652221 15.583336795685 0 84 3
P 1.09583308536 22.61047959085 0 45 1
P 20.748918413 12.1931500075925 0 45 1
P 11.8983166778 22.80362959845 0 32 1
P 9.94643482061 12 0 32 1
P 10.6588977579 21.2242651418 0 68 5
P 11.1858537405 13.57936445662 0 68 5
P 1.85105000703 19.54955886445 0 89 3
P 19.9937014913 15.254070734005 0 89 3
