P 11.3740233662 4.80824770938 0 83 3
P 10.0504178328 6.0768411847 1 100 5
P 12.6976288997 3.539654234035 2 100 5
P 8.1425307544 9.5951820771 0 78 1
P 14.6055159781 0.0213133416342 0 78 1
P 12.4973899815 7.49857390575 0 54 2
P 10.250656751 2.117921512985 0 54 2
P 0.0 2.945359333155 0 20 1
P 22.7480467325 6.6711360856 0 20 1
P 7.674430883 6.67567269425 0 79 3
P 15.0736158495 2.94082272452 0 79 3
P 16.171760682 1.93522469684 0 10 1
P 6.57628605053 7.6812707219 0 10 1
P 18.4805758188 9.61649541875 0 78 1
P 4.26747091366 0 0 78 1
P 9.99138438566 8.66121520635 0 70 3
P 12.7566623468 0.9552802124 0 70 3
P 1.40070838236 8.1773869212 0 66 1
P 21.3473383501 1.43910849755 0 66 1
P 0.262688207003 3.70393920289 0 31 3
P 22.4853585255 5.91255621585 0 31 3
P 8.4300641361 1.89487383879 0 5 5
P 14.3179825964 7.72162157995 0 5 5
P 11.3740233662 16.80824770938 0 83 3
P 10.0504178328 18.0768411847 3 100 5
P 12.6976288997 15.539654234035 4 100 5
P 8.1425307544 21.5951820771 0 78 1
P 14.6055159781 12.0213133416342 0 78 1
P 12.4973899815 19.49857390575 0 54 2
P 10.250656751 14.117921512985 0 54 2
P 0.0 14.945359333155 0 20 1
P 22.7480467325 18.6711360856 0 20 1
P 7.674430883 18.67567269425 0 79 3
P 15.0736158495 14.94082272452 0 79 3
P 16.171760682 13.93522469684 0 10 1
P 6.57628605053 19.6812707219 0 10 1
P 18.4805758188 21.61649541875 0 78 1
P 4.26747091366 12 0 78 1
P 9.99138438566 20.66121520635 0 70 3
P 12.7566623468 12.9552802124 0 70 3
P 1.40070838236 20.1773869212 0 66 1
P 21.3473383501 13.43910849755 0 66 1
P 0.262688207003 15.70393920289 0 31 3
P 22.4853585255 17.91255621585 0 31 3
P 8.4300641361 13.89487383879 0 5 5
P 14.3179825964 19.72162157995 0 5 5
