P 11.1071196946 4.68552515573 0 81 5
P 7.48448416259 8.54753634125 1 100 5
P 14.7297552267 0.823513970185 2 100 5
P 16.6966969041 8.40520334295 0 48 5
P 5.51754248513 0.96584696851 0 48 5
P 7.50224427453 7.07139215365 0 77 5
P 14.7119951147 2.29965815781 0 77 5
P 11.0569755358 2.90234677999 0 71 2
P 11.1572638535 6.46870353145 0 71 2
P 5.4174532972 6.7263871346 0 24 2
P 16.796786092 2.64466317685 0 24 2
P 19.2372427569 4.35855444827 0 36 4
P 2.97699663235 5.0124958632 0 36 4
P 0.0 5.15547873575 0 8 3
P 22.2142393892 4.215571575715 0 8 3
P 8.21427585312 6.1281405268 0 59 5
P 13.9999635361 3.242909784635 0 59 5
P 20.2168326879 0.1604487829355 0 25 2
P 1.99740670137 9.2106015285 0 25 2
P 6.59054597585 9.37105031145 0 44 4
P 15.6236934134 0 0 44 4
P 21.6251601422 8.3637436386 0 79 1
P 0.589079247005 1.00730667285 0 79 1
P 11.1071196946 16.68552515573 0 81 5
P 7.48448416259 20.54753634125 3 100 5
P 14.7297552267 12.823513970185 4 100 5
P 16.6966969041 20.40520334295 0 48 5
P 5.51754248513 12.96584696851 0 48 5
P 7.50224427453 19.07139215365 0 77 5
P 14.7119951147 14.29965815781 0 77 5
P 11.0569755358 14.90234677999 0 71 2
P 11.1572638535 18.46870353145 0 71 2
P 5.4174532972 18.7263871346 0 24 2
P 16.796786092 14.64466317685 0 24 2
P 19.2372427569 16.35855444827 0 36 4
P 2.97699663235 17.0124958632 0 36 4
P 0.0 17.15547873575 0 8 3
P 22.2142393892 16.215571575715 0 8 3
P 8.21427585312 18.1281405268 0 59 5
P 13.9999635361 15.242909784635 0 59 5
P 20.2168326879 12.1604487829355 0 25 2
P 1.99740670137 21.2106015285 0 25 2
P 6.59054597585 21.37105031145 0 44 4
P 15.6236934134 12 0 44 4
P 21.6251601422 20.3637436386 0 79 1
P 0.589079247005 13.00730667285 0 79 1
