P 9.75138601217 5.1330787337 0 118 2
P 12.9025219481 6.7895902002 1 100 5
P 6.60025007626 3.476567267265 2 100 5
P 3.44075133857 10.26615746745 0 56 1
P 16.0620206858 0 0 56 1
P 2.49871040583 5.4155094666 0 4 3
P 17.0040616185 4.85064800083 0 4 3
P 2.98178924811 1.763526465065 0 61 2
P 16.5209827762 8.5026310024 0 61 2
P 14.7909578941 7.96748059095 0 53 1
P 4.71181413027 2.298676876515 0 53 1
P 1.40493556956 2.86465238014 0 73 1
P 18.0978364548 7.4015050873 0 73 1
P 8.79217372516 4.362847207945 0 22 5
P 10.7105982992 5.9033102595 0 22 5
P 12.9469403959 9.34647971725 0 76 2
P 6.55583162845 0.919677750175 0 76 2
P 19.5027720243 1.28616558207 0 13 1
P 0.0 8.9799918854 0 13 1
P 19.48713616 6.8964897948 0 69 2
P 0.0156358643506 3.369667672665 0 69 2
P 19.2615306094 5.58690828445 0 34 2
P 0.241241414988 4.679249183015 0 34 2
P 9.75138601217 17.1330787337 0 118 2
P 12.9025219481 18.7895902002 3 100 5
P 6.60025007626 15.476567267265 4 100 5
P 3.44075133857 22.26615746745 0 56 1
P 16.0620206858 12 0 56 1
P 2.49871040583 17.4155094666 0 4 3
P 17.0040616185 16.85064800083 0 4 3
P 2.98178924811 13.763526465065 0 61 2
P 16.5209827762 20.5026310024 0 61 2
P 14.7909578941 19.96748059095 0 53 1
P 4.71181413027 14.298676876515 0 53 1
P 1.40493556956 14.86465238014 0 73 1
P 18.0978364548 19.4015050873 0 73 1
P 8.79217372516 16.362847207945 0 22 5
P 10.7105982992 17.9033102595 0 22 5
P 12.9469403959 21.34647971725 0 76 2
P 6.55583162845 12.919677750175 0 76 2
P 19.5027720243 13.28616558207 0 13 1
P 0.0 20.9799918854 0 13 1
P 19.48713616 18.8964897948 0 69 2
P 0.0156358643506 15.369667672665 0 69 2
P 19.2615306094 17.58690828445 0 34 2
P 0.241241414988 16.679249183015 0 34 2
