P 10.6404890127 5.73696157055 0 136 0
P 19.7117226679 4.2363922413 1 100 5
P 1.56925535747 7.2375308998 2 100 5
P 18.8688285432 2.983064462195 0 6 4
P 2.41214948217 8.4908586789 0 6 4
P 14.1829183147 5.22380439995 0 43 2
P 7.09805971061 6.25011874115 0 43 2
P 13.2630265041 11.4739231411 0 9 2
P 8.01795152123 0 0 9 2
P 0.472602009867 5.9674865561 0 55 3
P 20.8083760155 5.50643658495 0 55 3
P 17.3280447893 8.9268219517 0 52 5
P 3.95293323606 2.5471011894 0 52 5
P 0.500189347049 1.703861618595 0 39 2
P 20.7807886783 9.7700615225 0 39 2
P 0.0 8.1421424846 0 41 5
P 21.2809780253 3.331780656475 0 41 5
P 0.0441939864813 7.1989270193 0 5 1
P 21.2367840388 4.2749961218 0 5 1
P 5.55405511412 9.2362165663 0 49 4
P 15.7269229112 2.23770657477 0 49 4
P 16.7872284233 6.3540351494 0 3 4
P 4.49374960198 5.1198879917 0 3 4
P 10.6404890127 17.73696157055 0 136 0
P 19.7117226679 16.2363922413 3 100 5
P 1.56925535747 19.2375308998 4 100 5
P 18.8688285432 14.983064462195 0 6 4
P 2.41214948217 20.4908586789 0 6 4
P 14.1829183147 17.22380439995 0 43 2
P 7.09805971061 18.25011874115 0 43 2
P 13.2630265041 23.4739231411 0 9 2
P 8.01795152123 12 0 9 2
P 0.472602009867 17.9674865561 0 55 3
P 20.8083760155 17.50643658495 0 55 3
P 17.3280447893 20.9268219517 0 52 5
P 3.95293323606 14.5471011894 0 52 5
P 0.500189347049 13.703861618595 0 39 2
P 20.7807886783 21.7700615225 0 39 2
P 0.0 20.1421424846 0 41 5
P 21.2809780253 15.331780656475 0 41 5
P 0.0441939864813 19.1989270193 0 5 1
P 21.2367840388 16.2749961218 0 5 1
P 5.55405511412 21.2362165663 0 49 4
P 15.7269229112 14.23770657477 0 49 4
P 16.7872284233 18.3540351494 0 3 4
P 4.49374960198 17.1198879917 0 3 4
