P 10.7527454812 5.9031181817 0 91 5
P 7.71825346006 9.61413378725 1 100 5
P 13.7872375024 2.1921025762 2 100 5
P 16.5885619084 2.095149075935 0 60 3
P 4.91692905402 9.7110872875 0 60 3
P 17.1016331607 4.0052724892 0 72 3
P 4.40385780175 7.80096387425 0 72 3
P 4.79266235586 10.76067977325 0 73 2
P 16.7128286066 1.04555659019 0 73 2
P 18.0296511565 7.0892691743 0 27 4
P 3.47583980592 4.716967189145 0 27 4
P 6.5168372747 1.69373470034 0 19 2
P 14.9886536877 10.1125016631 0 19 2
P 20.6147572889 7.14146695275 0 39 4
P 0.890733673483 4.664769410695 0 39 4
P 0.0 0 0 10 1
P 21.5054909624 11.80623636345 0 10 1
P 5.14922220606 4.74191053126 0 56 2
P 16.3562687564 7.0643258322 0 56 2
P 8.40774862412 11.09021121895 0 27 4
P 13.0977423383 0.71602514447 0 27 4
P 19.4279066762 6.60282564105 0 18 2
P 2.07758428622 5.2034107224 0 18 2
P 10.7527454812 17.9031181817 0 91 5
P 7.71825346006 21.61413378725 3 100 5
P 13.7872375024 14.1921025762 4 100 5
P 16.5885619084 14.095149075935 0 60 3
P 4.91692905402 21.7110872875 0 60 3
P 17.1016331607 16.0052724892 0 72 3
P 4.40385780175 19.80096387425 0 72 3
P 4.79266235586 22.76067977325 0 73 2
P 16.7128286066 13.04555659019 0 73 2
P 18.0296511565 19.0892691743 0 27 4
P 3.47583980592 16.716967189145 0 27 4
P 6.5168372747 13.69373470034 0 19 2
P 14.9886536877 22.1125016631 0 19 2
P 20.6147572889 19.14146695275 0 39 4
P 0.890733673483 16.664769410695 0 39 4
P 0.0 12 0 10 1
P 21.5054909624 23.80623636345 0 10 1
P 5.14922220606 16.74191053126 0 56 2
P 16.3562687564 19.0643258322 0 56 2
P 8.40774862412 23.09021121895 0 27 4
P 13.0977423383 12.71602514447 0 27 4
P 19.4279066762 18.60282564105 0 18 2
P 2.07758428622 17.2034107224 0 18 2
