P 10.1330257749 5.91472473085 0 52 4
P 18.8155848488 0.64381747231 1 100 5
P 1.4504667009 11.18563198945 2 100 5
P 4.41997364518 5.5355427806 0 21 2
P 15.8460779045 6.29390668115 0 21 2
P 3.69928571761 11.82944946175 0 39 3
P 16.5667658321 0 0 39 3
P 16.9822733639 5.3926778973 0 65 2
P 3.28377818584 6.43677156445 0 65 2
P 9.29159768683 9.06435322905 0 20 3
P 10.9744538629 2.765096232715 0 20 3
P 2.22158896837 1.850339690105 0 9 1
P 18.0444625813 9.97910977165 0 9 1
P 6.03450549307 8.55075795515 0 68 5
P 14.2315460566 3.278691506615 0 68 5
P 13.1225837296 7.5509580941 0 37 5
P 7.14346782008 4.27849136766 0 37 5
P 1.768845042 4.14574040564 0 52 4
P 18.4972065077 7.6837090561 0 52 4
P 20.2660515497 9.8761772265 0 50 4
P 0.0 1.95327223525 0 50 4
P 3.60497985145 7.93142177945 0 29 2
P 16.6610716983 3.898027682285 0 29 2
P 10.1330257749 17.91472473085 0 52 4
P 18.8155848488 12.64381747231 3 100 5
P 1.4504667009 23.18563198945 4 100 5
P 4.41997364518 17.5355427806 0 21 2
P 15.8460779045 18.29390668115 0 21 2
P 3.69928571761 23.82944946175 0 39 3
P 16.5667658321 12 0 39 3
P 16.9822733639 17.3926778973 0 65 2
P 3.28377818584 18.43677156445 0 65 2
P 9.29159768683 21.06435322905 0 20 3
P 10.9744538629 14.765096232715 0 20 3
P 2.22158896837 13.850339690105 0 9 1
P 18.0444625813 21.97910977165 0 9 1
P 6.03450549307 20.55075795515 0 68 5
P 14.2315460566 15.278691506615 0 68 5
P 13.1225837296 19.5509580941 0 37 5
P 7.14346782008 16.27849136766 0 37 5
P 1.768845042 16.14574040564 0 52 4
P 18.4972065077 19.6837090561 0 52 4
P 20.2660515497 21.8761772265 0 50 4
P 0.0 13.95327223525 0 50 4
P 3.60497985145 19.93142177945 0 29 2
P 16.6610716983 15.898027682285 0 29 2
