P 11.401767099 5.15990243255 0 138 1
P 0.0 4.25087661395 1 100 5
P 22.8035341979 6.06892825115 2 100 5
P 15.7745302617 4.890426196495 0 82 5
P 7.02900393623 5.4293786686 0 82 5
P 21.8356202697 0 0 28 3
P 0.967913928172 10.3198048651 0 28 3
P 4.78671721528 5.53987180575 0 89 5
P 18.0168169826 4.779933059355 0 89 5
P 12.1089670167 0.583866509545 0 46 1
P 10.6945671812 9.73593835555 0 46 1
P 12.9872708983 7.72514221575 0 23 2
P 9.81626329964 2.59466264936 0 23 2
P 20.5575033309 2.83633100837 0 58 3
P 2.24603086696 7.48347385675 0 58 3
P 18.6961914016 6.0941895827 0 33 3
P 4.10734279631 4.225615282395 0 33 3
P 3.09608062607 6.94683360905 0 47 2
P 19.7074535718 3.372971256045 0 47 2
P 18.6404757635 7.830066483 0 8 5
P 4.1630584344 2.48973838212 0 8 5
P 7.8649010724 2.29922825664 0 36 2
P 14.9386331255 8.0205766085 0 36 2
P 11.401767099 17.15990243255 0 138 1
P 0.0 16.25087661395 3 100 5
P 22.8035341979 18.06892825115 4 100 5
P 15.7745302617 16.890426196495 0 82 5
P 7.02900393623 17.4293786686 0 82 5
P 21.8356202697 12 0 28 3
P 0.967913928172 22.3198048651 0 28 3
P 4.78671721528 17.53987180575 0 89 5
P 18.0168169826 16.779933059355 0 89 5
P 12.1089670167 12.583866509545 0 46 1
P 10.6945671812 21.73593835555 0 46 1
P 12.9872708983 19.72514221575 0 23 2
P 9.81626329964 14.59466264936 0 23 2
P 20.5575033309 14.83633100837 0 58 3
P 2.24603086696 19.48347385675 0 58 3
P 18.6961914016 18.0941895827 0 33 3
P 4.10734279631 16.225615282395 0 33 3
P 3.09608062607 18.94683360905 0 47 2
P 19.7074535718 15.372971256045 0 47 2
P 18.6404757635 19.830066483 0 8 5
P 4.1630584344 14.48973838212 0 8 5
P 7.8649010724 14.29922825664 0 36 2
P 14.9386331255 20.0205766085 0 36 2
