P 10.4980023818 5.6493859558 0 121 5
P 6.02926977352 10.5934652293 1 100 5
P 14.9667349901 0.7053066823 2 100 5
P 6.07546919648 3.40845754338 0 21 2
P 14.9205355671 7.89031436825 0 21 2
P 9.30877229002 0 0 6 4
P 11.6872324736 11.2987719116 0 6 4
P 4.06171443502 7.9840026129 0 19 1
P 16.9342903286 3.314769298715 0 19 1
P 0.0 9.9091491401 0 53 5
P 20.9960047636 1.38962277152 0 53 5
P 7.46694874648 8.111543632 0 19 1
P 13.5290560171 3.18722827963 0 19 1
P 18.3895376986 6.05280593515 0 35 2
P 2.60646706503 5.24596597645 0 35 2
P 12.5091327369 8.39015006395 0 1 5
P 8.48687202666 2.90862184765 0 1 5
P 19.1193398907 9.4713264145 0 32 1
P 1.8766648729 1.82744549709 0 32 1
P 10.8932263573 4.245873500325 0 64 5
P 10.1027784063 7.0528984113 0 64 5
P 2.82254424505 8.23310474475 0 74 2
P 18.1734605186 3.06566716685 0 74 2
P 10.4980023818 17.6493859558 0 121 5
P 6.02926977352 22.5934652293 3 100 5
P 14.9667349901 12.7053066823 4 100 5
P 6.07546919648 15.40845754338 0 21 2
P 14.9205355671 19.89031436825 0 21 2
P 9.30877229002 12 0 6 4
P 11.6872324736 23.2987719116 0 6 4
P 4.06171443502 19.9840026129 0 19 1
P 16.9342903286 15.314769298715 0 19 1
P 0.0 21.9091491401 0 53 5
P 20.9960047636 13.38962277152 0 53 5
P 7.46694874648 20.111543632 0 19 1
P 13.5290560171 15.18722827963 0 19 1
P 18.3895376986 18.05280593515 0 35 2
P 2.60646706503 17.24596597645 0 35 2
P 12.5091327369 20.39015006395 0 1 5
P 8.48687202666 14.90862184765 0 1 5
P 19.1193398907 21.4713264145 0 32 1
P 1.8766648729 13.82744549709 0 32 1
P 10.8932263573 16.245873500325 0 64 5
P 10.1027784063 19.0528984113 0 64 5
P 2.82254424505 20.23310474475 0 74 2
P 18.1734605186 15.06566716685 0 74 2
