P 11.7144548386 5.89037063495 0 47 3
P 5.9157892358 2.638219525355 1 100 5
P 17.5131204415 9.14252174455 2 100 5
P 17.7995176801 1.591374518355 0 44 2
P 5.62939199719 10.18936675155 0 44 2
P 23.4289096773 2.09461259989 0 2 4
P 0.0 9.68612867 0 2 4
P 9.94031464694 9.7675213692 0 69 3
P 13.4885950304 2.013219900675 0 69 3
P 1.08047326815 2.876397873235 0 26 1
P 22.3484364092 8.90434339665 0 26 1
P 14.0029210331 6.3507949241 0 79 3
P 9.42598864418 5.4299463458 0 79 3
P 6.85846881431 8.2074698082 0 3 3
P 16.570440863 3.57327146171 0 3 3
P 21.0355451408 7.40850734985 0 3 2
P 2.39336453648 4.37223392002 0 3 2
P 12.1434767043 11.74382148915 0 2 2
P 11.285432973 0.0369197807548 0 2 2
P 10.8697337572 10.6237411576 0 29 5
P 12.5591759201 1.15700011227 0 29 5
P 6.13704358399 11.7807412699 0 62 5
P 17.2918660933 0 0 62 5
P 11.7144548386 17.89037063495 0 47 3
P 5.9157892358 14.638219525355 3 100 5
P 17.5131204415 21.14252174455 4 100 5
P 17.7995176801 13.591374518355 0 44 2
P 5.62939199719 22.18936675155 0 44 2
P 23.4289096773 14.09461259989 0 2 4
P 0.0 21.68612867 0 2 4
P 9.94031464694 21.7675213692 0 69 3
P 13.4885950304 14.013219900675 0 69 3
P 1.08047326815 14.876397873235 0 26 1
P 22.3484364092 20.90434339665 0 26 1
P 14.0029210331 18.3507949241 0 79 3
P 9.42598864418 17.4299463458 0 79 3
P 6.85846881431 20.2074698082 0 3 3
P 16.570440863 15.57327146171 0 3 3
P 21.0355451408 19.40850734985 0 3 2
P 2.39336453648 16.37223392002 0 3 2
P 12.1434767043 23.74382148915 0 2 2
P 11.285432973 12.0369197807548 0 2 2
P 10.8697337572 22.6237411576 0 29 5
P 12.5591759201 13.15700011227 0 29 5
P 6.13704358399 23.7807412699 0 62 5
P 17.2918660933 12 0 62 5
