P 11.1594652428 5.8329399864 0 24 4
P 4.11585592977 2.75801376281 1 100 5
P 18.2030745558 8.90786621 2 100 5
P 16.6394304098 11.0991491424 0 66 5
P 5.67950007572 0.5667308304 0 66 5
P 21.1298237169 8.90522927535 0 88 3
P 1.18910676871 2.76065069747 0 88 3
P 20.2471689912 1.031162954635 0 90 1
P 2.0717614944 10.6347170182 0 90 1
P 19.08617747 5.07844302025 0 71 4
P 3.23275301556 6.5874369526 0 71 4
P 21.9455381705 7.0297625916 0 10 3
P 0.373392315113 4.63611738123 0 10 3
P 22.3189304856 11.6658799728 0 22 1
P 0.0 0 0 22 1
P 16.9369241111 4.90196386823 0 10 1
P 5.3820063745 6.7639161046 0 10 1
P 18.2533312243 6.27011973415 0 89 5
P 4.06559926131 5.39576023865 0 89 5
P 2.59956979744 1.691428229025 0 52 1
P 19.7193606881 9.9744517438 0 52 1
P 6.46751577276 5.8048290515 0 23 2
P 15.8514147128 5.86105092135 0 23 2
P 11.1594652428 17.8329399864 0 24 4
P 4.11585592977 14.75801376281 3 100 5
P 18.2030745558 20.90786621 4 100 5
P 16.6394304098 23.0991491424 0 66 5
P 5.67950007572 12.5667308304 0 66 5
P 21.1298237169 20.90522927535 0 88 3
P 1.18910676871 14.76065069747 0 88 3
P 20.2471689912 13.031162954635 0 90 1
P 2.0717614944 22.6347170182 0 90 1
P 19.08617747 17.07844302025 0 71 4
P 3.23275301556 18.5874369526 0 71 4
P 21.9455381705 19.0297625916 0 10 3
P 0.373392315113 16.63611738123 0 10 3
P 22.3189304856 23.6658799728 0 22 1
P 0.0 12 0 22 1
P 16.9369241111 16.90196386823 0 10 1
P 5.3820063745 18.7639161046 0 10 1
P 18.2533312243 18.27011973415 0 89 5
P 4.06559926131 17.39576023865 0 89 5
P 2.59956979744 13.691428229025 0 52 1
P 19.7193606881 21.9744517438 0 52 1
P 6.46751577276 17.8048290515 0 23 2
P 15.8514147128 17.86105092135 0 23 2
