P 11.7439862225 5.54164846015 0 25 1
P 4.44402797511 0 1 100 5
P 19.0439444699 11.0832969203 2 100 5
P 4.17167798921 0.77110925874 0 9 2
P 19.3162944558 10.31218766155 0 9 2
P 22.9476097144 10.4322395556 0 45 5
P 0.540362730616 0.65105736467 0 45 5
P 14.653342434 0.971510134455 0 63 1
P 8.83463001105 10.11178678585 0 63 1
P 23.487972445 6.6000908038 0 39 2
P 0.0 4.48320611648 0 39 2
P 16.3864169141 10.6742464569 0 53 4
P 7.1015555309 0.4090504633705 0 53 4
P 4.92101840313 5.43572705555 0 61 4
P 18.5669540419 5.64756986475 0 61 4
P 12.2155668421 10.8768162579 0 19 3
P 11.2724056029 0.206480662398 0 19 3
P 12.780545847 5.94510484135 0 68 5
P 10.707426598 5.1381920789 0 68 5
P 15.3205859559 10.04686508045 0 14 1
P 8.16738648909 1.036431839855 0 14 1
P 12.2099244212 4.09698554169 0 75 3
P 11.2780480238 6.9863113786 0 75 3
P 11.7439862225 17.54164846015 0 25 1
P 4.44402797511 12 3 100 5
P 19.0439444699 23.0832969203 4 100 5
P 4.17167798921 12.77110925874 0 9 2
P 19.3162944558 22.31218766155 0 9 2
P 22.9476097144 22.4322395556 0 45 5
P 0.540362730616 12.65105736467 0 45 5
P 14.653342434 12.971510134455 0 63 1
P 8.83463001105 22.11178678585 0 63 1
P 23.487972445 18.6000908038 0 39 2
P 0.0 16.48320611648 0 39 2
P 16.3864169141 22.6742464569 0 53 4
P 7.1015555309 12.4090504633705 0 53 4
P 4.92101840313 17.43572705555 0 61 4
P 18.5669540419 17.64756986475 0 61 4
P 12.2155668421 22.8768162579 0 19 3
P 11.2724056029 12.206480662398 0 19 3
P 12.780545847 17.94510484135 0 68 5
P 10.707426598 17.1381920789 0 68 5
P 15.3205859559 22.04686508045 0 14 1
P 8.16738648909 13.036431839855 0 14 1
P 12.2099244212 16.09698554169 0 75 3
P 11.2780480238 18.9863113786 0 75 3
