P 11.5872068067 5.70051174925 0 64 5
P 13.3422077014 0.390793289084 1 100 5
P 9.83220591213 11.01023020945 2 100 5
P 0.0 2.731998681275 0 11 1
P 23.1744136135 8.66902481725 0 11 1
P 20.0422517698 11.4010234985 0 66 5
P 3.1321618437 0 0 66 5
P 4.02969538851 4.71165866794 0 82 1
P 19.144718225 6.68936483055 0 82 1
P 19.6930466168 4.88272051759 0 2 4
P 3.48136699664 6.5183029809 0 2 4
P 19.7769311826 0.63453344956 0 48 5
P 3.39748243091 10.76649004895 0 48 5
P 2.89234383055 9.4569661846 0 7 1
P 20.2820697829 1.94405731392 0 7 1
P 8.20116033187 4.269815225405 0 35 5
P 14.9732532816 7.1312082731 0 35 5
P 4.67086463653 8.80108314565 0 77 5
P 18.503548977 2.599940352855 0 77 5
P 9.42809542322 5.71195223225 0 30 2
P 13.7463181903 5.68907126625 0 30 2
P 22.3231941744 10.580785549 0 55 2
P 0.851219439085 0.8202379495 0 55 2
P 11.5872068067 17.70051174925 0 64 5
P 13.3422077014 12.390793289084 3 100 5
P 9.83220591213 23.01023020945 4 100 5
P 0.0 14.731998681275 0 11 1
P 23.1744136135 20.66902481725 0 11 1
P 20.0422517698 23.4010234985 0 66 5
P 3.1321618437 12 0 66 5
P 4.02969538851 16.71165866794 0 82 1
P 19.144718225 18.68936483055 0 82 1
P 19.6930466168 16.88272051759 0 2 4
P 3.48136699664 18.5183029809 0 2 4
P 19.7769311826 12.63453344956 0 48 5
P 3.39748243091 22.76649004895 0 48 5
P 2.89234383055 21.4569661846 0 7 1
P 20.2820697829 13.94405731392 0 7 1
P 8.20116033187 16.269815225405 0 35 5
P 14.9732532816 19.1312082731 0 35 5
P 4.67086463653 20.80108314565 0 77 5
P 18.503548977 14.599940352855 0 77 5
P 9.42809542322 17.71195223225 0 30 2
P 13.7463181903 17.68907126625 0 30 2
P 22.3231941744 22.580785549 0 55 2
P 0.851219439085 12.8202379495 0 55 2
