P 11.4151352299 5.63345244795 0 7 0
P 16.944198228 1.955163501375 1 100 5
P 5.88607223187 9.31174139455 2 100 5
P 13.9140805896 8.80609472305 0 3 3
P 8.91618987029 2.46081017283 0 3 3
P 0.135120358873 1.696110896325 0 2 5
P 22.695150101 9.5707939996 0 2 5
P 10.8247095216 9.9987722605 0 30 4
P 12.0055609382 1.268132635385 0 30 4
P 20.9982460328 2.95614455829 0 61 5
P 1.83202442709 8.3107603376 0 61 5
P 13.372323377 4.856341045125 0 59 5
P 9.45794708284 6.4105638508 0 59 5
P 18.7620975804 6.36113117265 0 79 4
P 4.06817287948 4.905773723245 0 79 4
P 18.9252029908 1.88250666057 0 61 3
P 3.90506746906 9.38439823535 0 61 3
P 20.0347015628 11.2669048959 0 84 4
P 2.79556889708 0 0 84 4
P 5.19277331824 3.74762859636 0 85 3
P 17.6374971416 7.51927629955 0 85 3
P 22.8302704599 4.449087423705 0 27 4
P 0.0 6.8178174722 0 27 4
P 11.4151352299 17.63345244795 0 7 0
P 16.944198228 13.955163501375 3 100 5
P 5.88607223187 21.31174139455 4 100 5
P 13.9140805896 20.80609472305 0 3 3
P 8.91618987029 14.46081017283 0 3 3
P 0.135120358873 13.696110896325 0 2 5
P 22.695150101 21.5707939996 0 2 5
P 10.8247095216 21.9987722605 0 30 4
P 12.0055609382 13.268132635385 0 30 4
P 20.9982460328 14.95614455829 0 61 5
P 1.83202442709 20.3107603376 0 61 5
P 13.372323377 16.856341045125 0 59 5
P 9.45794708284 18.4105638508 0 59 5
P 18.7620975804 18.36113117265 0 79 4
P 4.06817287948 16.905773723245 0 79 4
P 18.9252029908 13.88250666057 0 61 3
P 3.90506746906 21.38439823535 0 61 3
P 20.0347015628 23.2669048959 0 84 4
P 2.79556889708 12 0 84 4
P 5.19277331824 15.74762859636 0 85 3
P 17.6374971416 19.51927629955 0 85 3
P 22.8302704599 16.449087423705 0 27 4
P 0.0 18.8178174722 0 27 4
