P 11.7984036759 5.95712006235 0 62 2
P 16.2121776683 10.4767994915 1 100 5
P 7.38462968347 1.437440633205 2 100 5
P 0.160424139985 0 0 57 2
P 23.4363832118 11.9142401247 0 57 2
P 10.0312060534 9.52659220665 0 85 5
P 13.5656012984 2.38764791805 0 85 5
P 4.78382720027 7.92068667995 0 74 3
P 18.8129801515 3.99355344473 0 74 3
P 10.3930516218 3.337364976225 0 16 3
P 13.20375573 8.57687514845 0 16 3
P 8.41156343361 3.52293934463 0 71 1
P 15.1852439182 8.39130078005 0 71 1
P 23.5968073518 3.54054096301 0 5 4
P 0.0 8.37369916165 0 5 4
P 21.5008384976 6.3833440443 0 33 3
P 2.0959688542 5.5308960804 0 33 3
P 13.9043098594 3.39456062238 0 25 1
P 9.6924974924 8.5196795023 0 25 1
P 15.9752765396 5.445078693 0 16 1
P 7.62153081213 6.4691614317 0 16 1
P 22.4203718674 0.984441955485 0 73 2
P 1.17643548433 10.9297981692 0 73 2
P 11.7984036759 17.95712006235 0 62 2
P 16.2121776683 22.4767994915 3 100 5
P 7.38462968347 13.437440633205 4 100 5
P 0.160424139985 12 0 57 2
P 23.4363832118 23.9142401247 0 57 2
P 10.0312060534 21.52659220665 0 85 5
P 13.5656012984 14.38764791805 0 85 5
P 4.78382720027 19.92068667995 0 74 3
P 18.8129801515 15.99355344473 0 74 3
P 10.3930516218 15.337364976225 0 16 3
P 13.20375573 20.57687514845 0 16 3
P 8.41156343361 15.52293934463 0 71 1
P 15.1852439182 20.39130078005 0 71 1
P 23.5968073518 15.54054096301 0 5 4
P 0.0 20.37369916165 0 5 4
P 21.5008384976 18.3833440443 0 33 3
P 2.0959688542 17.5308960804 0 33 3
P 13.9043098594 15.39456062238 0 25 1
P 9.6924974924 20.5196795023 0 25 1
P 15.9752765396 17.445078693 0 16 1
P 7.62153081213 18.4691614317 0 16 1
P 22.4203718674 12.984441955485 0 73 2
P 1.17643548433 22.9297981692 0 73 2
