P 11.0005726446 5.27318302165 0 95 0
P 7.57746317453 1.72254849383 1 100 5
P 14.4236821146 8.82381754945 2 100 5
P 16.3434730178 10.04634696815 0 66 4
P 5.65767227132 0.500019075155 0 66 4
P 16.8300206604 5.4151107381 0 3 1
P 5.17112462875 5.1312553052 0 3 1
P 8.12981194518 5.92553470735 0 87 5
P 13.8713333439 4.620831335915 0 87 5
P 3.2744991977 8.853944786 0 11 3
P 18.7266460914 1.69242125727 0 11 3
P 0.972346184865 5.8978118102 0 49 4
P 21.0287991042 4.64855423309 0 49 4
P 8.88800263263 6.74823944625 0 51 4
P 13.1131426565 3.79812659705 0 51 4
P 22.0011452891 3.57317250163 0 1 1
P 0.0 6.97319354165 0 1 1
P 16.6511582427 1.303923146965 0 36 4
P 5.34998704637 9.2424428963 0 36 4
P 19.3367414119 5.3382740454 0 67 4
P 2.66440387718 5.2080919979 0 67 4
P 3.99206122508 10.5463660433 0 6 2
P 18.009084064 0 0 6 2
P 11.0005726446 17.27318302165 0 95 0
P 7.57746317453 13.72254849383 3 100 5
P 14.4236821146 20.82381754945 4 100 5
P 16.3434730178 22.04634696815 0 66 4
P 5.65767227132 12.500019075155 0 66 4
P 16.8300206604 17.4151107381 0 3 1
P 5.17112462875 17.1312553052 0 3 1
P 8.12981194518 17.92553470735 0 87 5
P 13.8713333439 16.620831335915 0 87 5
P 3.2744991977 20.853944786 0 11 3
P 18.7266460914 13.69242125727 0 11 3
P 0.972346184865 17.8978118102 0 49 4
P 21.0287991042 16.64855423309 0 49 4
P 8.88800263263 18.74823944625 0 51 4
P 13.1131426565 15.79812659705 0 51 4
P 22.0011452891 15.57317250163 0 1 1
P 0.0 18.97319354165 0 1 1
P 16.6511582427 13.303923146965 0 36 4
P 5.34998704637 21.2424428963 0 36 4
P 19.3367414119 17.3382740454 0 67 4
P 2.66440387718 17.2080919979 0 67 4
P 3.99206122508 22.5463660433 0 6 2
P 18.009084064 12 0 6 2
