P 9.69893419023 5.91375646175 0 29 1
P 9.53085172011 7.65175771765 1 100 5
P 9.86701666034 4.175755205855 2 100 5
P 16.0550757828 5.0029771524 0 69 2
P 3.34279259767 6.82453577105 0 69 2
P 0.0 1.298629710325 0 1 1
P 19.3978683805 10.52888321315 0 1 1
P 14.0206326066 1.249893599375 0 11 2
P 5.37723577381 10.5776193241 0 11 2
P 2.99152577108 10.4890680917 0 5 3
P 16.4063426094 1.338444831765 0 5 3
P 0.410923814371 9.1128066312 0 80 3
P 18.9869445661 2.714706292265 0 80 3
P 13.1979647856 9.23223236835 0 24 3
P 6.19990359486 2.595280555125 0 24 3
P 11.9523869413 4.94704546248 0 32 4
P 7.44548143919 6.880467461 0 32 4
P 12.0740145441 11.8275129235 0 39 1
P 7.32385383637 0 0 39 1
P 2.42226857756 5.06872808535 0 41 3
P 16.9755998029 6.7587848381 0 41 3
P 5.26511143753 6.476806903 0 26 4
P 14.1327569429 5.35070602045 0 26 4
P 9.69893419023 17.91375646175 0 29 1
P 9.53085172011 19.65175771765 3 100 5
P 9.86701666034 16.175755205855 4 100 5
P 16.0550757828 17.0029771524 0 69 2
P 3.34279259767 18.82453577105 0 69 2
P 0.0 13.298629710325 0 1 1
P 19.3978683805 22.52888321315 0 1 1
P 14.0206326066 13.249893599375 0 11 2
P 5.37723577381 22.5776193241 0 11 2
P 2.99152577108 22.4890680917 0 5 3
P 16.4063426094 13.338444831765 0 5 3
P 0.410923814371 21.1128066312 0 80 3
P 18.9869445661 14.714706292265 0 80 3
P 13.1979647856 21.23223236835 0 24 3
P 6.19990359486 14.595280555125 0 24 3
P 11.9523869413 16.94704546248 0 32 4
P 7.44548143919 18.880467461 0 32 4
P 12.0740145441 23.8275129235 0 39 1
P 7.32385383637 12 0 39 1
P 2.42226857756 17.06872808535 0 41 3
P 16.9755998029 18.7587848381 0 41 3
P 5.26511143753 18.476806903 0 26 4
P 14.1327569429 17.35070602045 0 26 4
