P 11.0911109593 5.86249664245 0 30 2
P 15.4207533322 4.33870651613 1 100 5
P 6.76146858628 7.38628676875 2 100 5
P 0.605043806924 6.61314418815 0 76 3
P 21.5771781116 5.11184909675 0 76 3
P 19.1465924277 9.73005127055 0 78 5
P 3.03562949086 1.99494201435 0 78 5
P 13.9532891203 9.8879826028 0 8 5
P 8.2289327982 1.837010682095 0 8 5
P 7.53164480724 4.502197044215 0 5 5
P 14.6505771113 7.2227962407 0 5 5
P 4.15053775373 11.3808641624 0 9 3
P 18.0316841648 0.344129122521 0 9 3
P 2.94650815226 9.2245449219 0 3 2
P 19.2357137663 2.50044836298 0 3 2
P 5.39361006826 1.2532639477 0 19 2
P 16.7886118503 10.4717293372 0 19 2
P 21.3674194633 0 0 25 5
P 0.814802455238 11.7249932849 0 25 5
P 7.44714701329 2.577887445495 0 45 2
P 14.7350749052 9.1471058394 0 45 2
P 22.1822219185 7.24694505215 0 10 2
P 0.0 4.47804823275 0 10 2
P 11.0911109593 17.86249664245 0 30 2
P 15.4207533322 16.33870651613 3 100 5
P 6.76146858628 19.38628676875 4 100 5
P 0.605043806924 18.61314418815 0 76 3
P 21.5771781116 17.11184909675 0 76 3
P 19.1465924277 21.73005127055 0 78 5
P 3.03562949086 13.99494201435 0 78 5
P 13.9532891203 21.8879826028 0 8 5
P 8.2289327982 13.837010682095 0 8 5
P 7.53164480724 16.502197044215 0 5 5
P 14.6505771113 19.2227962407 0 5 5
P 4.15053775373 23.3808641624 0 9 3
P 18.0316841648 12.344129122521 0 9 3
P 2.94650815226 21.2245449219 0 3 2
P 19.2357137663 14.50044836298 0 3 2
P 5.39361006826 13.2532639477 0 19 2
P 16.7886118503 22.4717293372 0 19 2
P 21.3674194633 12 0 25 5
P 0.814802455238 23.7249932849 0 25 5
P 7.44714701329 14.577887445495 0 45 2
P 14.7350749052 21.1471058394 0 45 2
P 22.1822219185 19.24694505215 0 10 2
P 0.0 16.47804823275 0 10 2
