P 11.5465156053 5.8659478076 0 106 2
P 8.40137605826 7.59375273135 1 100 5
P 14.6916551523 4.13814288388 2 100 5
P 2.64311355345 7.93697431005 0 76 4
P 20.4499176572 3.794921305185 0 76 4
P 23.0930312106 4.920058320795 0 9 1
P 0.0 6.81183729445 0 9 1
P 15.4680353538 8.40636190495 0 74 4
P 7.6249958568 3.32553371031 0 74 4
P 10.9606657098 0 0 2 3
P 12.1323655008 11.73189561525 0 2 3
P 14.2259924572 7.39337043905 0 86 1
P 8.86703875338 4.338525176185 0 86 1
P 15.6184421717 10.67452519115 0 60 5
P 7.4745890389 1.05737042408 0 60 5
P 11.3572950313 9.35786250855 0 10 4
P 11.7357361793 2.37403310671 0 10 4
P 13.7796962373 8.15923325745 0 67 3
P 9.3133349733 3.572662357805 0 67 3
P 1.8567307646 2.55692107145 0 73 5
P 21.236300446 9.1749745438 0 73 5
P 3.47400690441 0.558324713015 0 88 4
P 19.6190243062 11.17357090225 0 88 4
P 11.5465156053 17.8659478076 0 106 2
P 8.40137605826 19.59375273135 3 100 5
P 14.6916551523 16.13814288388 4 100 5
P 2.64311355345 19.93697431005 0 76 4
P 20.4499176572 15.794921305185 0 76 4
P 23.0930312106 16.920058320795 0 9 1
P 0.0 18.81183729445 0 9 1
P 15.4680353538 20.40636190495 0 74 4
P 7.6249958568 15.32553371031 0 74 4
P 10.9606657098 12 0 2 3
P 12.1323655008 23.73189561525 0 2 3
P 14.2259924572 19.39337043905 0 86 1
P 8.86703875338 16.338525176185 0 86 1
P 15.6184421717 22.67452519115 0 60 5
P 7.4745890389 13.05737042408 0 60 5
P 11.3572950313 21.35786250855 0 10 4
P 11.7357361793 14.37403310671 0 10 4
P 13.7796962373 20.15923325745 0 67 3
P 9.3133349733 15.572662357805 0 67 3
P 1.8567307646 14.55692107145 0 73 5
P 21.236300446 21.1749745438 0 73 5
P 3.47400690441 12.558324713015 0 88 4
P 19.6190243062 23.17357090225 0 88 4
