P 11.2525438958 5.21549730965 0 124 5
P 11.2447915467 9.83652290815 1 100 5
P 11.2602962449 0.59447171115 2 100 5
P 3.17898967638 1.624520084295 0 76 5
P 19.3260981153 8.806474535 0 76 5
P 20.0137964053 3.516897380035 0 60 5
P 2.49129138633 6.91409723925 0 60 5
P 20.6212398488 1.43735489098 0 20 5
P 1.88384794284 8.9936397283 0 20 5
P 5.75348681224 10.4309946193 0 12 2
P 16.7516009794 0 0 12 2
P 14.9919930908 6.9908521401 0 52 4
P 7.51309470079 3.440142479185 0 52 4
P 5.42412472965 9.2601609315 0 10 5
P 17.080963062 1.170833687785 0 10 5
P 3.34581052437 0.9016370979 0 54 1
P 19.1592772673 9.5293575214 0 54 1
P 10.0603278194 4.324303685195 0 13 5
P 12.4447599722 6.1066909341 0 13 5
P 0.0 2.099132654195 0 14 5
P 22.5050877916 8.3318619651 0 14 5
P 20.7635625362 6.12399324105 0 85 3
P 1.74152525548 4.307001378225 0 85 3
P 11.2525438958 17.21549730965 0 124 5
P 11.2447915467 21.83652290815 3 100 5
P 11.2602962449 12.59447171115 4 100 5
P 3.17898967638 13.624520084295 0 76 5
P 19.3260981153 20.806474535 0 76 5
P 20.0137964053 15.516897380035 0 60 5
P 2.49129138633 18.91409723925 0 60 5
P 20.6212398488 13.43735489098 0 20 5
P 1.88384794284 20.9936397283 0 20 5
P 5.75348681224 22.4309946193 0 12 2
P 16.7516009794 12 0 12 2
P 14.9919930908 18.9908521401 0 52 4
P 7.51309470079 15.440142479185 0 52 4
P 5.42412472965 21.2601609315 0 10 5
P 17.080963062 13.170833687785 0 10 5
P 3.34581052437 12.9016370979 0 54 1
P 19.1592772673 21.5293575214 0 54 1
P 10.0603278194 16.324303685195 0 13 5
P 12.4447599722 18.1066909341 0 13 5
P 0.0 14.099132654195 0 14 5
P 22.5050877916 20.3318619651 0 14 5
P 20.7635625362 18.12399324105 0 85 3
P 1.74152525548 16.307001378225 0 85 3
