P 11.8865026332 5.65491956585 0 14 3
P 20.7047655208 7.82145546275 1 100 5
P 3.06823974554 3.48838366897 2 100 5
P 15.3160137837 0.141191413623 0 51 5
P 8.4569914826 11.1686477181 0 51 5
P 10.5151773842 3.59354660485 0 8 4
P 13.2578278821 7.7162925269 0 8 4
P 0.0 6.0857193664 0 81 4
P 23.7730052663 5.22411976535 0 81 4
P 21.948958096 3.70864726037 0 73 4
P 1.82404717037 7.60119187135 0 73 4
P 18.7689362505 9.6844576395 0 46 5
P 5.00406901588 1.625381492255 0 46 5
P 19.7631536871 8.76224518035 0 27 3
P 4.00985157928 2.54759395141 0 27 3
P 10.3062711497 6.41830802635 0 90 2
P 13.4667341166 4.89153110537 0 90 2
P 21.153078687 11.30983913175 0 15 2
P 2.61992657935 0 0 15 2
P 12.1517794844 1.89967703522 0 15 3
P 11.6212257819 9.4101620965 0 15 3
P 21.3623374771 0.635191869665 0 38 3
P 2.41066778922 10.67464726205 0 38 3
P 11.8865026332 17.65491956585 0 14 3
P 20.7047655208 19.82145546275 3 100 5
P 3.06823974554 15.48838366897 4 100 5
P 15.3160137837 12.141191413623 0 51 5
P 8.4569914826 23.1686477181 0 51 5
P 10.5151773842 15.59354660485 0 8 4
P 13.2578278821 19.7162925269 0 8 4
P 0.0 18.0857193664 0 81 4
P 23.7730052663 17.22411976535 0 81 4
P 21.948958096 15.70864726037 0 73 4
P 1.82404717037 19.60119187135 0 73 4
P 18.7689362505 21.6844576395 0 46 5
P 5.00406901588 13.625381492255 0 46 5
P 19.7631536871 20.76224518035 0 27 3
P 4.00985157928 14.54759395141 0 27 3
P 10.3062711497 18.41830802635 0 90 2
P 13.4667341166 16.89153110537 0 90 2
P 21.153078687 23.30983913175 0 15 2
P 2.61992657935 12 0 15 2
P 12.1517794844 13.89967703522 0 15 3
P 11.6212257819 21.4101620965 0 15 3
P 21.3623374771 12.635191869665 0 38 3
P 2.41066778922 22.67464726205 0 38 3
