P 10.4388941415 5.91294510785 0 23 2
P 13.8383346122 11.82589021575 1 100 5
P 7.03945367079 0 2 100 5
P 11.0182942865 8.8462890257 0 75 5
P 9.85949399652 2.979601190005 0 75 5
P 2.02121794598 6.91952357595 0 90 5
P 18.856570337 4.906366639765 0 90 5
P 18.1599607595 8.97649918925 0 86 4
P 2.71782752349 2.84939102649 0 86 4
P 10.2334287549 0.1263282369085 0 59 5
P 10.6443595281 11.6995619788 0 59 5
P 10.275644176 9.62759515615 0 89 2
P 10.602144107 2.19829505956 0 89 2
P 11.6121635673 3.869832520975 0 1 4
P 9.26562471566 7.95605769475 0 1 4
P 12.2247401241 7.3117293775 0 57 3
P 8.65304815887 4.514160838235 0 57 3
P 16.4525238419 10.59098427025 0 50 2
P 4.42526444108 1.234905945495 0 50 2
P 16.5472764155 2.882976984045 0 48 4
P 4.33051186752 8.9429132317 0 48 4
P 20.877788283 2.903856851125 0 70 1
P 0.0 8.9220333646 0 70 1
P 10.4388941415 17.91294510785 0 23 2
P 13.8383346122 23.82589021575 3 100 5
P 7.03945367079 12 4 100 5
P 11.0182942865 20.8462890257 0 75 5
P 9.85949399652 14.979601190005 0 75 5
P 2.02121794598 18.91952357595 0 90 5
P 18.856570337 16.906366639765 0 90 5
P 18.1599607595 20.97649918925 0 86 4
P 2.71782752349 14.84939102649 0 86 4
P 10.2334287549 12.1263282369085 0 59 5
P 10.6443595281 23.6995619788 0 59 5
P 10.275644176 21.62759515615 0 89 2
P 10.602144107 14.19829505956 0 89 2
P 11.6121635673 15.869832520975 0 1 4
P 9.26562471566 19.95605769475 0 1 4
P 12.2247401241 19.3117293775 0 57 3
P 8.65304815887 16.514160838235 0 57 3
P 16.4525238419 22.59098427025 0 50 2
P 4.42526444108 13.234905945495 0 50 2
P 16.5472764155 14.882976984045 0 48 4
P 4.33051186752 20.9429132317 0 48 4
P 20.877788283 14.903856851125 0 70 1
P 0.0 20.9220333646 0 70 1
