P 11.5315558107 5.68861832565 0 145 2
P 21.2904339617 0.347715604761 1 100 5
P 1.77267765962 11.02952104655 2 100 5
P 14.7436922862 0 0 75 5
P 8.31941933517 11.3772366513 0 75 5
P 5.87517266276 0.108645856378 0 56 2
P 17.1879389586 11.26859079495 0 56 2
P 22.5742678099 0.4393397619925 0 58 1
P 0.488843811405 10.9378968893 0 58 1
P 4.33674819556 4.22320703085 0 24 2
P 18.7263634258 7.15402962045 0 24 2
P 11.6300635818 4.9355900997 0 80 5
P 11.4330480396 6.4416465516 0 80 5
P 0.309371141623 3.025669704475 0 15 1
P 22.7537404797 8.35156694685 0 15 1
P 11.2086199111 1.85724112656 0 70 5
P 11.8544917102 9.51999552475 0 70 5
P 3.47344966183 10.24015059465 0 87 2
P 19.5896619595 1.13708605669 0 87 2
P 0.0 7.49275957135 0 74 2
P 23.0631116214 3.884477079985 0 74 2
P 9.61009563103 3.23313220269 0 28 3
P 13.4530159903 8.14410444865 0 28 3
P 11.5315558107 17.68861832565 0 145 2
P 21.2904339617 12.347715604761 3 100 5
P 1.77267765962 23.02952104655 4 100 5
P 14.7436922862 12 0 75 5
P 8.31941933517 23.3772366513 0 75 5
P 5.87517266276 12.108645856378 0 56 2
P 17.1879389586 23.26859079495 0 56 2
P 22.5742678099 12.4393397619925 0 58 1
P 0.488843811405 22.9378968893 0 58 1
P 4.33674819556 16.22320703085 0 24 2
P 18.7263634258 19.15402962045 0 24 2
P 11.6300635818 16.9355900997 0 80 5
P 11.4330480396 18.4416465516 0 80 5
P 0.309371141623 15.025669704475 0 15 1
P 22.7537404797 20.35156694685 0 15 1
P 11.2086199111 13.85724112656 0 70 5
P 11.8544917102 21.51999552475 0 70 5
P 3.47344966183 22.24015059465 0 87 2
P 19.5896619595 13.13708605669 0 87 2
P 0.0 19.49275957135 0 74 2
P 23.0631116214 15.884477079985 0 74 2
P 9.61009563103 15.23313220269 0 28 3
P 13.4530159903 20.14410444865 0 28 3
