P 11.3789160718 5.2885930746 0 118 4
P 1.97299219855 6.8115226799 1 100 5
P 20.7848399451 3.765663469345 2 100 5
P 15.1274640737 0.081023644333 0 73 5
P 7.6303680699 10.4961625049 0 73 5
P 12.0404021989 2.85590234598 0 12 4
P 10.7174299448 7.72128380325 0 12 4
P 3.00338356257 6.11938147405 0 6 3
P 19.7544485811 4.45780467516 0 6 3
P 0.0 3.061868680145 0 14 3
P 22.7578321436 7.5153174691 0 14 3
P 12.9830678204 9.819502635 0 61 1
P 9.77476432328 0.75768351423 0 61 1
P 2.08092616959 1.25904838866 0 40 3
P 20.676905974 9.31813776055 0 40 3
P 13.508980556 6.464608554 0 50 3
P 9.24885158762 4.112577595215 0 50 3
P 12.9025902546 1.82730514995 0 59 3
P 9.85524188905 8.7498809993 0 59 3
P 8.17190106324 7.03208893215 0 9 1
P 14.5859310804 3.545097217065 0 9 1
P 18.6478126089 10.57718614925 0 68 3
P 4.11001953473 0 0 68 3
P 11.3789160718 17.2885930746 0 118 4
P 1.97299219855 18.8115226799 3 100 5
P 20.7848399451 15.765663469345 4 100 5
P 15.1274640737 12.081023644333 0 73 5
P 7.6303680699 22.4961625049 0 73 5
P 12.0404021989 14.85590234598 0 12 4
P 10.7174299448 19.72128380325 0 12 4
P 3.00338356257 18.11938147405 0 6 3
P 19.7544485811 16.45780467516 0 6 3
P 0.0 15.061868680145 0 14 3
P 22.7578321436 19.5153174691 0 14 3
P 12.9830678204 21.819502635 0 61 1
P 9.77476432328 12.75768351423 0 61 1
P 2.08092616959 13.25904838866 0 40 3
P 20.676905974 21.31813776055 0 40 3
P 13.508980556 18.464608554 0 50 3
P 9.24885158762 16.112577595215 0 50 3
P 12.9025902546 13.82730514995 0 59 3
P 9.85524188905 20.7498809993 0 59 3
P 8.17190106324 19.03208893215 0 9 1
P 14.5859310804 15.545097217065 0 9 1
P 18.6478126089 22.57718614925 0 68 3
P 4.11001953473 12 0 68 3
