P 11.5695639744 5.4520542161 0 137 4
P 23.1391279487 10.36150115145 1 100 5
P 0.0 0.542607280795 2 100 5
P 1.0936209697 8.65729781975 0 14 2
P 22.045506979 2.246810612465 0 14 2
P 1.68845689585 5.40611719855 0 46 3
P 21.4506710529 5.49799123365 0 46 3
P 15.1265231783 5.90355634315 0 79 4
P 8.01260477046 5.00055208905 0 79 4
P 7.59878877372 7.05052626805 0 14 5
P 15.540339175 3.853582164165 0 14 5
P 8.02492741775 9.86164779085 0 60 3
P 15.114200531 1.04246064141 0 60 3
P 12.45566069 7.3244943008 0 31 2
P 10.6834672587 3.57961413143 0 31 2
P 2.4220122833 0 0 77 4
P 20.7171156654 10.90410843225 0 77 4
P 22.272729879 1.42539420023 0 11 1
P 0.866398069713 9.478714232 0 11 1
P 17.7806175723 4.544184146885 0 48 5
P 5.35851037641 6.35992428535 0 48 5
P 4.05147009872 3.615154464235 0 45 2
P 19.08765785 7.288953968 0 45 2
P 11.5695639744 17.4520542161 0 137 4
P 23.1391279487 22.36150115145 3 100 5
P 0.0 12.542607280795 4 100 5
P 1.0936209697 20.65729781975 0 14 2
P 22.045506979 14.246810612465 0 14 2
P 1.68845689585 17.40611719855 0 46 3
P 21.4506710529 17.49799123365 0 46 3
P 15.1265231783 17.90355634315 0 79 4
P 8.01260477046 17.00055208905 0 79 4
P 7.59878877372 19.05052626805 0 14 5
P 15.540339175 15.853582164165 0 14 5
P 8.02492741775 21.86164779085 0 60 3
P 15.114200531 13.04246064141 0 60 3
P 12.45566069 19.3244943008 0 31 2
P 10.6834672587 15.57961413143 0 31 2
P 2.4220122833 12 0 77 4
P 20.7171156654 22.90410843225 0 77 4
P 22.272729879 13.42539420023 0 11 1
P 0.866398069713 21.478714232 0 11 1
P 17.7806175723 16.544184146885 0 48 5
P 5.35851037641 18.35992428535 0 48 5
P 4.05147009872 15.615154464235 0 45 2
P 19.08765785 19.288953968 0 45 2
