P 11.7999493365 5.84132051445 0 61 5
P 14.021585745 9.9082528341 1 100 5
P 9.57831292806 1.77438819474 2 100 5
P 11.4686533123 11.3159505624 0 12 3
P 12.1312453608 0.3666904664605 0 12 3
P 14.0864223578 3.556984026985 0 4 3
P 9.51347631526 8.12565700185 0 4 3
P 10.6662307282 9.5671333414 0 66 3
P 12.9336679449 2.115507687435 0 66 3
P 8.38886755039 9.0503773326 0 38 3
P 15.2110311227 2.63226369624 0 38 3
P 23.5998986731 4.99251235478 0 76 4
P 0.0 6.69012867405 0 76 4
P 6.59197838169 9.32559288095 0 47 1
P 17.0079202914 2.35704814791 0 47 1
P 16.6645502408 6.38027950735 0 66 1
P 6.93534843231 5.3023615215 0 66 1
P 4.65916324488 0.62698723023 0 84 3
P 18.9407354282 11.0556537986 0 84 3
P 10.5050064472 0.079792744746 0 7 4
P 13.0948922259 11.6028482841 0 7 4
P 6.41477616349 0 0 46 2
P 17.1851225096 11.68264102885 0 46 2
P 11.7999493365 17.84132051445 0 61 5
P 14.021585745 21.9082528341 3 100 5
P 9.57831292806 13.77438819474 4 100 5
P 11.4686533123 23.3159505624 0 12 3
P 12.1312453608 12.3666904664605 0 12 3
P 14.0864223578 15.556984026985 0 4 3
P 9.51347631526 20.12565700185 0 4 3
P 10.6662307282 21.5671333414 0 66 3
P 12.9336679449 14.115507687435 0 66 3
P 8.38886755039 21.0503773326 0 38 3
P 15.2110311227 14.63226369624 0 38 3
P 23.5998986731 16.99251235478 0 76 4
P 0.0 18.69012867405 0 76 4
P 6.59197838169 21.32559288095 0 47 1
P 17.0079202914 14.35704814791 0 47 1
P 16.6645502408 18.38027950735 0 66 1
P 6.93534843231 17.3023615215 0 66 1
P 4.65916324488 12.62698723023 0 84 3
P 18.9407354282 23.0556537986 0 84 3
P 10.5050064472 12.079792744746 0 7 4
P 13.0948922259 23.6028482841 0 7 4
P 6.41477616349 12 0 46 2
P 17.1851225096 23.68264102885 0 46 2
