P 11.6742243424 5.8247205025 0 56 3
P 15.5644784882 11.649441005 1 100 5
P 7.7839701966 0 2 100 5
P 13.7036950173 5.86731473935 0 12 3
P 9.64475366745 5.78212626565 0 12 3
P 4.67371359423 3.3262316213 0 50 3
P 18.6747350905 8.3232093837 0 50 3
P 6.98667233596 4.89071409099 0 89 4
P 16.3617763488 6.758726914 0 89 4
P 22.1093788832 1.450785834525 0 65 5
P 1.23906980154 10.19865517045 0 65 5
P 7.36191200436 4.03070986271 0 68 5
P 15.9865366804 7.6187311423 0 68 5
P 16.0603049844 2.165499819225 0 31 3
P 7.28814370033 9.48394118575 0 31 3
P 12.8516775839 1.773487267615 0 37 1
P 10.4967711008 9.87595373735 0 37 1
P 0.0 2.38421560518 0 24 1
P 23.3484486847 9.2652253998 0 24 1
P 18.5077185539 1.977654008755 0 9 4
P 4.84073013088 9.67178699625 0 9 4
P 3.6553874767 0.36516862062 0 4 4
P 19.693061208 11.28427238435 0 4 4
P 11.6742243424 17.8247205025 0 56 3
P 15.5644784882 23.649441005 3 100 5
P 7.7839701966 12 4 100 5
P 13.7036950173 17.86731473935 0 12 3
P 9.64475366745 17.78212626565 0 12 3
P 4.67371359423 15.3262316213 0 50 3
P 18.6747350905 20.3232093837 0 50 3
P 6.98667233596 16.89071409099 0 89 4
P 16.3617763488 18.758726914 0 89 4
P 22.1093788832 13.450785834525 0 65 5
P 1.23906980154 22.19865517045 0 65 5
P 7.36191200436 16.03070986271 0 68 5
P 15.9865366804 19.6187311423 0 68 5
P 16.0603049844 14.165499819225 0 31 3
P 7.28814370033 21.48394118575 0 31 3
P 12.8516775839 13.773487267615 0 37 1
P 10.4967711008 21.87595373735 0 37 1
P 0.0 14.38421560518 0 24 1
P 23.3484486847 21.2652253998 0 24 1
P 18.5077185539 13.977654008755 0 9 4
P 4.84073013088 21.67178699625 0 9 4
P 3.6553874767 12.36516862062 0 4 4
P 19.693061208 23.28427238435 0 4 4
