P 11.3503011547 5.12333269155 0 126 4
P 0.894375098238 8.39739246725 1 100 5
P 21.8062272111 1.849272915915 2 100 5
P 3.41448968015 3.26891492086 0 46 5
P 19.2861126292 6.9777504623 0 46 5
P 16.2889069147 2.67969179323 0 31 1
P 6.4116953946 7.5669735899 0 31 1
P 14.8878729919 0 0 33 1
P 7.81272931743 10.24666538315 0 33 1
P 12.7680688437 4.03741668645 0 22 3
P 9.93253346556 6.2092486967 0 22 3
P 20.5901506001 0.136667414617 0 22 5
P 2.11045170924 10.10999796855 0 22 5
P 21.1446305253 3.05456817082 0 66 2
P 1.55597178404 7.19209721235 0 66 2
P 22.7006023093 3.898543575435 0 31 2
P 0.0 6.3481218077 0 31 2
P 4.01671718867 0.93662971036 0 27 5
P 18.6838851206 9.3100356728 0 27 5
P 15.8433056694 1.621562083555 0 4 4
P 6.85729663986 8.6251032996 0 4 4
P 7.28123754606 2.277857871455 0 44 1
P 15.4193647632 7.9688075117 0 44 1
P 11.3503011547 17.12333269155 0 126 4
P 0.894375098238 20.39739246725 3 100 5
P 21.8062272111 13.849272915915 4 100 5
P 3.41448968015 15.26891492086 0 46 5
P 19.2861126292 18.9777504623 0 46 5
P 16.2889069147 14.67969179323 0 31 1
P 6.4116953946 19.5669735899 0 31 1
P 14.8878729919 12 0 33 1
P 7.81272931743 22.24666538315 0 33 1
P 12.7680688437 16.03741668645 0 22 3
P 9.93253346556 18.2092486967 0 22 3
P 20.5901506001 12.136667414617 0 22 5
P 2.11045170924 22.10999796855 0 22 5
P 21.1446305253 15.05456817082 0 66 2
P 1.55597178404 19.19209721235 0 66 2
P 22.7006023093 15.898543575435 0 31 2
P 0.0 18.3481218077 0 31 2
P 4.01671718867 12.93662971036 0 27 5
P 18.6838851206 21.3100356728 0 27 5
P 15.8433056694 13.621562083555 0 4 4
P 6.85729663986 20.6251032996 0 4 4
P 7.28123754606 14.277857871455 0 44 1
P 15.4193647632 19.9688075117 0 44 1
