P 10.840348964 5.7666145419 0 114 3
P 0.576108731347 11.3872520373 1 100 5
P 21.1045891966 0.145977046478 2 100 5
P 18.0562350009 0.86404901836 0 3 5
P 3.6244629271 10.6691800654 0 3 5
P 11.3799713178 10.423765019 0 8 3
P 10.3007266102 1.109464064765 0 8 3
P 16.0512166362 9.5435513067 0 16 1
P 5.62948129175 1.98967777709 0 16 1
P 11.1591909212 8.40373248375 0 72 3
P 10.5215070068 3.12949660002 0 72 3
P 3.95581121455 0 0 74 5
P 17.7248867134 11.5332290838 0 74 5
P 6.84895300719 2.55037942085 0 56 3
P 14.8317449208 8.98284966295 0 56 3
P 0.0 2.93054372478 0 85 2
P 21.680697928 8.602685359 0 85 2
P 19.9963643377 1.33958631394 0 24 1
P 1.68433359029 10.19364276985 0 24 1
P 3.33979657574 9.47051103735 0 88 3
P 18.3409013522 2.062718046435 0 88 3
P 6.77101934829 6.5816645279 0 89 2
P 14.9096785797 4.951564555875 0 89 2
P 10.840348964 17.7666145419 0 114 3
P 0.576108731347 23.3872520373 3 100 5
P 21.1045891966 12.145977046478 4 100 5
P 18.0562350009 12.86404901836 0 3 5
P 3.6244629271 22.6691800654 0 3 5
P 11.3799713178 22.423765019 0 8 3
P 10.3007266102 13.109464064765 0 8 3
P 16.0512166362 21.5435513067 0 16 1
P 5.62948129175 13.98967777709 0 16 1
P 11.1591909212 20.40373248375 0 72 3
P 10.5215070068 15.12949660002 0 72 3
P 3.95581121455 12 0 74 5
P 17.7248867134 23.5332290838 0 74 5
P 6.84895300719 14.55037942085 0 56 3
P 14.8317449208 20.98284966295 0 56 3
P 0.0 14.93054372478 0 85 2
P 21.680697928 20.602685359 0 85 2
P 19.9963643377 13.33958631394 0 24 1
P 1.68433359029 22.19364276985 0 24 1
P 3.33979657574 21.47051103735 0 88 3
P 18.3409013522 14.062718046435 0 88 3
P 6.77101934829 18.5816645279 0 89 2
P 14.9096785797 16.951564555875 0 89 2
