P 10.2332841067 5.65961576755 0 121 3
P 20.4665682134 9.62438722585 1 100 5
P 0.0 1.69484430926 2 100 5
P 11.5299918154 4.04114926641 0 54 2
P 8.93657639797 7.2780822687 0 54 2
P 5.95890293599 1.301453008915 0 20 2
P 14.5076652774 10.01777852615 0 20 2
P 5.70992250372 5.55084477015 0 50 5
P 14.7566457096 5.76838676495 0 50 5
P 9.0755151544 9.3649789669 0 34 2
P 11.391053059 1.95425256817 0 34 2
P 17.5638941377 8.4122824439 0 85 1
P 2.9026740757 2.906949091165 0 85 1
P 7.9632798227 7.9522210672 0 1 3
P 12.5032883907 3.36701046788 0 1 3
P 16.3569400064 5.339926635 0 60 2
P 4.109628207 5.9793049001 0 60 2
P 14.6856812601 0.907444117795 0 59 4
P 5.78088695329 10.4117874173 0 59 4
P 16.4466848534 2.53725057783 0 34 4
P 4.01988335999 8.78198095725 0 34 4
P 4.32286040962 11.3192315351 0 42 4
P 16.1437078037 0 0 42 4
P 10.2332841067 17.65961576755 0 121 3
P 20.4665682134 21.62438722585 3 100 5
P 0.0 13.69484430926 4 100 5
P 11.5299918154 16.04114926641 0 54 2
P 8.93657639797 19.2780822687 0 54 2
P 5.95890293599 13.301453008915 0 20 2
P 14.5076652774 22.01777852615 0 20 2
P 5.70992250372 17.55084477015 0 50 5
P 14.7566457096 17.76838676495 0 50 5
P 9.0755151544 21.3649789669 0 34 2
P 11.391053059 13.95425256817 0 34 2
P 17.5638941377 20.4122824439 0 85 1
P 2.9026740757 14.906949091165 0 85 1
P 7.9632798227 19.9522210672 0 1 3
P 12.5032883907 15.36701046788 0 1 3
P 16.3569400064 17.339926635 0 60 2
P 4.109628207 17.9793049001 0 60 2
P 14.6856812601 12.907444117795 0 59 4
P 5.78088695329 22.4117874173 0 59 4
P 16.4466848534 14.53725057783 0 34 4
P 4.01988335999 20.78198095725 0 34 4
P 4.32286040962 23.3192315351 0 42 4
P 16.1437078037 12 0 42 4
