P 11.3934693677 5.92469110335 0 101 1
P 12.5664471584 2.70593038273 1 100 5
P 10.2204915771 9.14345182395 2 100 5
P 20.5112986321 0.5982269003 0 16 2
P 2.27564010333 11.2511553064 0 16 2
P 20.0319474584 8.3497656627 0 59 3
P 2.75499127708 3.49961654397 0 59 3
P 20.1451471317 6.6979218454 0 28 2
P 2.6417916038 5.15146036125 0 28 2
P 11.7506538201 0 0 40 3
P 11.0362849153 11.8493822067 0 40 3
P 21.0900805902 11.5274152106 0 84 3
P 1.69685814531 0.32196699608 0 84 3
P 0.0 2.977003274685 0 5 1
P 22.7869387355 8.872378932 0 5 1
P 8.24829052378 8.6586729293 0 8 3
P 14.5386482117 3.19070927737 0 8 3
P 21.7076548136 7.9303218185 0 36 2
P 1.07928392182 3.919060388215 0 36 2
P 22.3191416396 4.42201891446 0 38 5
P 0.46779709587 7.42736329225 0 38 5
P 17.001458272 5.0362879306 0 22 1
P 5.78548046343 6.8130942761 0 22 1
P 11.3934693677 17.92469110335 0 101 1
P 12.5664471584 14.70593038273 3 100 5
P 10.2204915771 21.14345182395 4 100 5
P 20.5112986321 12.5982269003 0 16 2
P 2.27564010333 23.2511553064 0 16 2
P 20.0319474584 20.3497656627 0 59 3
P 2.75499127708 15.49961654397 0 59 3
P 20.1451471317 18.6979218454 0 28 2
P 2.6417916038 17.15146036125 0 28 2
P 11.7506538201 12 0 40 3
P 11.0362849153 23.8493822067 0 40 3
P 21.0900805902 23.5274152106 0 84 3
P 1.69685814531 12.32196699608 0 84 3
P 0.0 14.977003274685 0 5 1
P 22.7869387355 20.872378932 0 5 1
P 8.24829052378 20.6586729293 0 8 3
P 14.5386482117 15.19070927737 0 8 3
P 21.7076548136 19.9303218185 0 36 2
P 1.07928392182 15.919060388215 0 36 2
P 22.3191416396 16.42201891446 0 38 5
P 0.46779709587 19.42736329225 0 38 5
P 17.001458272 17.0362879306 0 22 1
P 5.78548046343 18.8130942761 0 22 1
