P 11.8039955755 5.6078606399 0 37 3
P 9.31956732508 10.9044368766 1 100 5
P 14.2884238258 0.3112844032165 2 100 5
P 11.8654926942 2.6368923276 0 81 3
P 11.7424984567 8.57882895225 0 81 3
P 4.25409258443 0 0 22 1
P 19.3538985665 11.21572127985 0 22 1
P 14.7436138612 11.16200074445 0 83 3
P 8.86437728973 0.0537205353855 0 83 3
P 19.8543468498 0.3559669456005 0 84 1
P 3.75364430115 10.85975433425 0 84 1
P 8.86481414847 4.868311839415 0 12 5
P 14.7431770024 6.3474094404 0 12 5
P 0.0 5.40494448605 0 59 2
P 23.6079911509 5.81077679375 0 59 2
P 20.3967683707 7.76143069045 0 59 3
P 3.21122278016 3.454290589365 0 59 3
P 17.0287479269 3.329884505165 0 4 2
P 6.57924322402 7.88583677465 0 4 2
P 0.782927536597 9.8037526941 0 55 1
P 22.8250636143 1.41196858571 0 55 1
P 2.60103334076 6.586191714 0 58 3
P 21.0069578101 4.629529565845 0 58 3
P 11.8039955755 17.6078606399 0 37 3
P 9.31956732508 22.9044368766 3 100 5
P 14.2884238258 12.3112844032165 4 100 5
P 11.8654926942 14.6368923276 0 81 3
P 11.7424984567 20.57882895225 0 81 3
P 4.25409258443 12 0 22 1
P 19.3538985665 23.21572127985 0 22 1
P 14.7436138612 23.16200074445 0 83 3
P 8.86437728973 12.0537205353855 0 83 3
P 19.8543468498 12.3559669456005 0 84 1
P 3.75364430115 22.85975433425 0 84 1
P 8.86481414847 16.868311839415 0 12 5
P 14.7431770024 18.3474094404 0 12 5
P 0.0 17.40494448605 0 59 2
P 23.6079911509 17.81077679375 0 59 2
P 20.3967683707 19.76143069045 0 59 3
P 3.21122278016 15.454290589365 0 59 3
P 17.0287479269 15.329884505165 0 4 2
P 6.57924322402 19.88583677465 0 4 2
P 0.782927536597 21.8037526941 0 55 1
P 22.8250636143 13.41196858571 0 55 1
P 2.60103334076 18.586191714 0 58 3
P 21.0069578101 16.629529565845 0 58 3
