P 11.8669773948 5.472575361 0 75 1
P 21.5493947364 5.7067521726 1 100 5
P 2.18456005313 5.23839854935 2 100 5
P 12.4934340358 0.4027289361305 0 87 2
P 11.2405207538 10.54242178585 0 87 2
P 8.14079090137 1.24468762073 0 71 1
P 15.5931638882 9.70046310125 0 71 1
P 3.78298627989 10.8727107136 0 90 5
P 19.9509685097 0.0724400083655 0 90 5
P 2.86976563732 8.1238374771 0 25 5
P 20.8641891522 2.82131324486 0 25 5
P 23.7339547896 8.62994084225 0 82 3
P 0.0 2.315209879715 0 82 3
P 3.33955506698 0 0 1 4
P 20.3943997226 10.94515072195 0 1 4
P 7.4383319457 3.64870252258 0 45 3
P 16.2956228439 7.2964481994 0 45 3
P 18.4697162102 10.02197309115 0 63 3
P 5.26423857932 0.92317763084 0 63 3
P 11.0188036343 6.6458903792 0 31 4
P 12.7151511553 4.29926034276 0 31 4
P 18.4984533941 0.960228554645 0 68 5
P 5.23550139544 9.9849221673 0 68 5
P 11.8669773948 17.472575361 0 75 1
P 21.5493947364 17.7067521726 3 100 5
P 2.18456005313 17.23839854935 4 100 5
P 12.4934340358 12.4027289361305 0 87 2
P 11.2405207538 22.54242178585 0 87 2
P 8.14079090137 13.24468762073 0 71 1
P 15.5931638882 21.70046310125 0 71 1
P 3.78298627989 22.8727107136 0 90 5
P 19.9509685097 12.0724400083655 0 90 5
P 2.86976563732 20.1238374771 0 25 5
P 20.8641891522 14.82131324486 0 25 5
P 23.7339547896 20.62994084225 0 82 3
P 0.0 14.315209879715 0 82 3
P 3.33955506698 12 0 1 4
P 20.3943997226 22.94515072195 0 1 4
P 7.4383319457 15.64870252258 0 45 3
P 16.2956228439 19.2964481994 0 45 3
P 18.4697162102 22.02197309115 0 63 3
P 5.26423857932 12.92317763084 0 63 3
P 11.0188036343 18.6458903792 0 31 4
P 12.7151511553 16.29926034276 0 31 4
P 18.4984533941 12.960228554645 0 68 5
P 5.23550139544 21.9849221673 0 68 5
