P 11.8228302514 5.90765713885 0 21 2
P 10.258434217 0 1 100 5
P 13.3872262857 11.8153142777 2 100 5
P 4.836979792 8.2974233203 0 48 4
P 18.8086807107 3.517890957405 0 48 4
P 12.786770761 1.94563484167 0 52 5
P 10.8588897418 9.86967943605 0 52 5
P 21.6754479931 0.671403217645 0 13 2
P 1.97021250959 11.14391106005 0 13 2
P 6.456209138 0.71981576152 0 75 1
P 17.1894513647 11.0954985162 0 75 1
P 0.0 0.584234575655 0 44 3
P 23.6456605027 11.23107970205 0 44 3
P 22.9305576282 2.02557838465 0 6 2
P 0.715102874516 9.78973589305 0 6 2
P 14.523657193 6.2987264213 0 11 1
P 9.12200330973 5.5165878564 0 11 1
P 1.42967982255 1.30866874634 0 2 4
P 22.2159806802 10.50664553135 0 2 4
P 15.6493991916 10.1819797363 0 88 3
P 7.99626131113 1.633334541405 0 88 3
P 16.6881334247 6.93990735165 0 7 1
P 6.95752707799 4.87540692605 0 7 1
P 11.8228302514 17.90765713885 0 21 2
P 10.258434217 12 3 100 5
P 13.3872262857 23.8153142777 4 100 5
P 4.836979792 20.2974233203 0 48 4
P 18.8086807107 15.517890957405 0 48 4
P 12.786770761 13.94563484167 0 52 5
P 10.8588897418 21.86967943605 0 52 5
P 21.6754479931 12.671403217645 0 13 2
P 1.97021250959 23.14391106005 0 13 2
P 6.456209138 12.71981576152 0 75 1
P 17.1894513647 23.0954985162 0 75 1
P 0.0 12.584234575655 0 44 3
P 23.6456605027 23.23107970205 0 44 3
P 22.9305576282 14.02557838465 0 6 2
P 0.715102874516 21.78973589305 0 6 2
P 14.523657193 18.2987264213 0 11 1
P 9.12200330973 17.5165878564 0 11 1
P 1.42967982255 13.30866874634 0 2 4
P 22.2159806802 22.50664553135 0 2 4
P 15.6493991916 22.1819797363 0 88 3
P 7.99626131113 13.633334541405 0 88 3
P 16.6881334247 18.93990735165 0 7 1
P 6.95752707799 16.87540692605 0 7 1
