P 11.9698582388 5.37326749505 0 124 1
P 16.8222137372 8.87384745425 1 100 5
P 7.11750274033 1.87268753589 2 100 5
P 15.1893203445 10.7465349901 0 17 2
P 8.75039613301 0 0 17 2
P 20.4063662853 8.0882290862 0 34 2
P 3.53335019227 2.65830590391 0 34 2
P 17.6273879374 1.229424788655 0 11 3
P 6.31232854018 9.51711020145 0 11 3
P 13.7145530589 6.57994848915 0 58 2
P 10.2251634187 4.166586500975 0 58 2
P 21.3530887875 5.42866910765 0 16 2
P 2.58662769008 5.31786588245 0 16 2
P 21.1558609726 9.04545100835 0 53 5
P 2.78385550496 1.70108398175 0 53 5
P 21.4294785395 0.04999950657445 0 31 3
P 2.51023793805 10.69653548355 0 31 3
P 11.1284223255 6.5405619854 0 78 2
P 12.8112941521 4.20597300473 0 78 2
P 4.55230988768 8.79144128935 0 48 2
P 19.3874065899 1.955093700775 0 48 2
P 23.9397164776 5.91394557765 0 9 2
P 0.0 4.832589412455 0 9 2
P 11.9698582388 17.37326749505 0 124 1
P 16.8222137372 20.87384745425 3 100 5
P 7.11750274033 13.87268753589 4 100 5
P 15.1893203445 22.7465349901 0 17 2
P 8.75039613301 12 0 17 2
P 20.4063662853 20.0882290862 0 34 2
P 3.53335019227 14.65830590391 0 34 2
P 17.6273879374 13.229424788655 0 11 3
P 6.31232854018 21.51711020145 0 11 3
P 13.7145530589 18.57994848915 0 58 2
P 10.2251634187 16.166586500975 0 58 2
P 21.3530887875 17.42866910765 0 16 2
P 2.58662769008 17.31786588245 0 16 2
P 21.1558609726 21.04545100835 0 53 5
P 2.78385550496 13.70108398175 0 53 5
P 21.4294785395 12.0499995065744 0 31 3
P 2.51023793805 22.69653548355 0 31 3
P 11.1284223255 18.5405619854 0 78 2
P 12.8112941521 16.20597300473 0 78 2
P 4.55230988768 20.79144128935 0 48 2
P 19.3874065899 13.955093700775 0 48 2
P 23.9397164776 17.91394557765 0 9 2
P 0.0 16.832589412455 0 9 2
