P 11.7110818699 5.3126785356 0 116 3
P 4.28235197474 3.32787223163 1 100 5
P 19.139811765 7.2974848396 2 100 5
P 17.2141584816 3.664102371445 0 37 1
P 6.20800525808 6.9612546998 0 37 1
P 17.6827001796 8.6405875965 0 7 2
P 5.73946356007 1.98476947473 0 7 2
P 14.4771793073 6.62036060625 0 52 5
P 8.94498443245 4.004996464975 0 52 5
P 18.2378761809 4.6429985806 0 70 2
P 5.18428755881 5.98235849065 0 70 2
P 6.82591245525 5.21446113215 0 40 2
P 16.5962512845 5.4108959391 0 40 2
P 23.4221637397 10.62535707125 0 4 2
P 0.0 0 0 4 2
P 1.3140009364 4.40939886825 0 5 3
P 22.1081628033 6.215958203 0 5 3
P 2.97254749623 5.8328755028 0 16 1
P 20.4496162435 4.792481568425 0 16 1
P 2.64206966687 0.1355793449965 0 45 2
P 20.7800940728 10.48977772625 0 45 2
P 12.149759607 6.99206115685 0 70 3
P 11.2724041328 3.63329591439 0 70 3
P 11.7110818699 17.3126785356 0 116 3
P 4.28235197474 15.32787223163 3 100 5
P 19.139811765 19.2974848396 4 100 5
P 17.2141584816 15.664102371445 0 37 1
P 6.20800525808 18.9612546998 0 37 1
P 17.6827001796 20.6405875965 0 7 2
P 5.73946356007 13.98476947473 0 7 2
P 14.4771793073 18.62036060625 0 52 5
P 8.94498443245 16.004996464975 0 52 5
P 18.2378761809 16.6429985806 0 70 2
P 5.18428755881 17.98235849065 0 70 2
P 6.82591245525 17.21446113215 0 40 2
P 16.5962512845 17.4108959391 0 40 2
P 23.4221637397 22.62535707125 0 4 2
P 0.0 12 0 4 2
P 1.3140009364 16.40939886825 0 5 3
P 22.1081628033 18.215958203 0 5 3
P 2.97254749623 17.8328755028 0 16 1
P 20.4496162435 16.792481568425 0 16 1
P 2.64206966687 12.1355793449965 0 45 2
P 20.7800940728 22.48977772625 0 45 2
P 12.149759607 18.99206115685 0 70 3
P 11.2724041328 15.63329591439 0 70 3
