P 10.5567381476 5.99536425165 0 128 2
P 14.3569780837 5.4442644075 1 100 5
P 6.75649821153 6.5464640958 2 100 5
P 4.32132218673 7.6782909611 0 72 3
P 16.7921541085 4.31243754222 0 72 3
P 3.89211999007 9.34215746055 0 30 5
P 17.2213563051 2.648571042745 0 30 5
P 1.03084203557 2.683370366575 0 61 5
P 20.0826342596 9.3073581367 0 61 5
P 13.6404072383 9.67101514055 0 29 4
P 7.47306905687 2.31971336276 0 29 4
P 16.5890795128 6.59093245225 0 31 5
P 4.5243967824 5.39979605105 0 31 5
P 7.82416083275 11.7664885164 0 78 3
P 13.2893154624 0.224239986914 0 78 3
P 4.52313997785 3.65334158708 0 81 5
P 16.5903363173 8.3373869162 0 81 5
P 17.1592915821 11.9907285033 0 4 4
P 3.9541847131 0 0 4 4
P 21.1134762952 7.4581549161 0 67 5
P 0.0 4.53257358719 0 67 5
P 2.91833304207 8.1827734469 0 8 5
P 18.1951432531 3.807955056415 0 8 5
P 10.5567381476 17.99536425165 0 128 2
P 14.3569780837 17.4442644075 3 100 5
P 6.75649821153 18.5464640958 4 100 5
P 4.32132218673 19.6782909611 0 72 3
P 16.7921541085 16.31243754222 0 72 3
P 3.89211999007 21.34215746055 0 30 5
P 17.2213563051 14.648571042745 0 30 5
P 1.03084203557 14.683370366575 0 61 5
P 20.0826342596 21.3073581367 0 61 5
P 13.6404072383 21.67101514055 0 29 4
P 7.47306905687 14.31971336276 0 29 4
P 16.5890795128 18.59093245225 0 31 5
P 4.5243967824 17.39979605105 0 31 5
P 7.82416083275 23.7664885164 0 78 3
P 13.2893154624 12.224239986914 0 78 3
P 4.52313997785 15.65334158708 0 81 5
P 16.5903363173 20.3373869162 0 81 5
P 17.1592915821 23.9907285033 0 4 4
P 3.9541847131 12 0 4 4
P 21.1134762952 19.4581549161 0 67 5
P 0.0 16.53257358719 0 67 5
P 2.91833304207 20.1827734469 0 8 5
P 18.1951432531 15.807955056415 0 8 5
