P 9.53890946821 5.02628746235 0 149 3
P 0.0 3.426656509265 1 100 5
P 19.0778189364 6.6259184154 2 100 5
P 1.33664137883 0.3772276017595 0 63 2
P 17.7411775576 9.6753473229 0 63 2
P 2.29169965175 5.01585814235 0 72 3
P 16.7861192847 5.0367167823 0 72 3
P 12.819031221 9.97418741175 0 51 1
P 6.25878771541 0.0783875129375 0 51 1
P 10.9126458562 7.29322136215 0 20 3
P 8.16517308022 2.759353562535 0 20 3
P 13.9222200568 5.15595318515 0 89 5
P 5.15559887964 4.896621739525 0 89 5
P 8.23067127624 0 0 10 4
P 10.8471476602 10.05257492465 0 10 4
P 15.497907194 9.89630401085 0 69 4
P 3.57991174246 0.156270913808 0 69 4
P 11.6444908987 0.57976024169 0 34 2
P 7.4333280377 9.472814683 0 34 2
P 5.14923371974 6.49447207945 0 59 1
P 13.9285852167 3.558102845245 0 59 1
P 12.8091649249 3.525619361095 0 45 3
P 6.26865401148 6.5269555636 0 45 3
P 9.53890946821 17.02628746235 0 149 3
P 0.0 15.426656509265 3 100 5
P 19.0778189364 18.6259184154 4 100 5
P 1.33664137883 12.3772276017595 0 63 2
P 17.7411775576 21.6753473229 0 63 2
P 2.29169965175 17.01585814235 0 72 3
P 16.7861192847 17.0367167823 0 72 3
P 12.819031221 21.97418741175 0 51 1
P 6.25878771541 12.0783875129375 0 51 1
P 10.9126458562 19.29322136215 0 20 3
P 8.16517308022 14.759353562535 0 20 3
P 13.9222200568 17.15595318515 0 89 5
P 5.15559887964 16.896621739525 0 89 5
P 8.23067127624 12 0 10 4
P 10.8471476602 22.05257492465 0 10 4
P 15.497907194 21.89630401085 0 69 4
P 3.57991174246 12.156270913808 0 69 4
P 11.6444908987 12.57976024169 0 34 2
P 7.4333280377 21.472814683 0 34 2
P 5.14923371974 18.49447207945 0 59 1
P 13.9285852167 15.558102845245 0 59 1
P 12.8091649249 15.525619361095 0 45 3
P 6.26865401148 18.5269555636 0 45 3
