P 11.8001865244 5.8414209158 0 37 2
P 8.46960023988 8.92965702905 1 100 5
P 15.130772809 2.753184802525 2 100 5
P 6.82749319125 4.665413411415 0 48 5
P 16.7728798576 7.01742842015 0 48 5
P 9.91715443592 10.26949028755 0 46 5
P 13.683218613 1.41335154405 0 46 5
P 12.0825917259 4.342914782635 0 52 3
P 11.517781323 7.33992704895 0 52 3
P 12.8961680123 8.7751000249 0 73 5
P 10.7042050365 2.9077418067 0 73 5
P 14.3570487794 9.3325116194 0 74 3
P 9.24332426944 2.35033021218 0 74 3
P 12.0596812672 11.6828418316 0 3 3
P 11.5406917817 0 0 3 3
P 9.48332656456 5.46541496895 0 17 1
P 14.1170464843 6.21742686265 0 17 1
P 23.6003730489 3.312078322525 0 27 4
P 0.0 8.37076350905 0 27 4
P 11.9452546825 10.22225196575 0 87 1
P 11.6551183664 1.460589865825 0 87 1
P 3.41975448839 4.74542787913 0 67 4
P 20.1806185605 6.93741395245 0 67 4
P 11.8001865244 17.8414209158 0 37 2
P 8.46960023988 20.92965702905 3 100 5
P 15.130772809 14.753184802525 4 100 5
P 6.82749319125 16.665413411415 0 48 5
P 16.7728798576 19.01742842015 0 48 5
P 9.91715443592 22.26949028755 0 46 5
P 13.683218613 13.41335154405 0 46 5
P 12.0825917259 16.342914782635 0 52 3
P 11.517781323 19.33992704895 0 52 3
P 12.8961680123 20.7751000249 0 73 5
P 10.7042050365 14.9077418067 0 73 5
P 14.3570487794 21.3325116194 0 74 3
P 9.24332426944 14.35033021218 0 74 3
P 12.0596812672 23.6828418316 0 3 3
P 11.5406917817 12 0 3 3
P 9.48332656456 17.46541496895 0 17 1
P 14.1170464843 18.21742686265 0 17 1
P 23.6003730489 15.312078322525 0 27 4
P 0.0 20.37076350905 0 27 4
P 11.9452546825 22.22225196575 0 87 1
P 11.6551183664 13.460589865825 0 87 1
P 3.41975448839 16.74542787913 0 67 4
P 20.1806185605 18.93741395245 0 67 4
