P 10.6293565071 5.97426471575 0 32 5
P 13.7524532059 5.88995246325 1 100 5
P 7.50625980837 6.05857696825 2 100 5
P 2.2532830928 0.89334693873 0 81 5
P 19.0054299214 11.0551824928 0 81 5
P 11.374394534 0 0 37 4
P 9.88431848027 11.94852943155 0 37 4
P 16.4057562962 0.1280131513135 0 4 2
P 4.852956718 11.8205162802 0 4 2
P 11.5886382178 7.45835282735 0 2 2
P 9.67007479645 4.49017660419 0 2 2
P 7.19784736933 4.48230122864 0 74 1
P 14.0608656449 7.4662282029 0 74 1
P 0.0 7.295446165 0 63 2
P 21.2587130142 4.653083266515 0 63 2
P 6.77932874846 1.78891363442 0 73 1
P 14.4793842658 10.1596157971 0 73 1
P 20.6676706705 9.31829552605 0 26 4
P 0.59104234374 2.630233905495 0 26 4
P 15.4769647365 5.61004303475 0 29 5
P 5.7817482777 6.3384863968 0 29 5
P 6.6669332586 8.5954033826 0 27 4
P 14.5917797556 3.35312604895 0 27 4
P 10.6293565071 17.97426471575 0 32 5
P 13.7524532059 17.88995246325 3 100 5
P 7.50625980837 18.05857696825 4 100 5
P 2.2532830928 12.89334693873 0 81 5
P 19.0054299214 23.0551824928 0 81 5
P 11.374394534 12 0 37 4
P 9.88431848027 23.94852943155 0 37 4
P 16.4057562962 12.1280131513135 0 4 2
P 4.852956718 23.8205162802 0 4 2
P 11.5886382178 19.45835282735 0 2 2
P 9.67007479645 16.49017660419 0 2 2
P 7.19784736933 16.48230122864 0 74 1
P 14.0608656449 19.4662282029 0 74 1
P 0.0 19.295446165 0 63 2
P 21.2587130142 16.653083266515 0 63 2
P 6.77932874846 13.78891363442 0 73 1
P 14.4793842658 22.1596157971 0 73 1
P 20.6676706705 21.31829552605 0 26 4
P 0.59104234374 14.630233905495 0 26 4
P 15.4769647365 17.61004303475 0 29 5
P 5.7817482777 18.3384863968 0 29 5
P 6.6669332586 20.5954033826 0 27 4
P 14.5917797556 15.35312604895 0 27 4
