P 9.8968659154 5.9315000565 0 87 0
P 19.6076872841 8.3153097839 1 100 5
P 0.186044546694 3.54769032907 2 100 5
P 7.9993049407 4.13148225206 0 45 5
P 11.7944268901 7.7315178609 0 45 5
P 0.590753082538 0 0 46 1
P 19.2029787483 11.863000113 0 46 1
P 4.44797947117 7.9386541938 0 46 1
P 15.3457523596 3.9243459192 0 46 1
P 13.2344792564 6.39788519675 0 85 2
P 6.5592525744 5.4651149162 0 85 2
P 10.9197602609 3.34880343168 0 73 2
P 8.87397156994 8.5141966813 0 73 2
P 19.7937318308 5.9149697622 0 50 2
P 0.0 5.94803035075 0 50 2
P 17.9218985582 11.45436026935 0 36 2
P 1.87183327255 0.4086398436075 0 36 2
P 11.9446822181 2.91386086249 0 29 2
P 7.84904961265 8.9491392505 0 29 2
P 13.973609767 4.53172257019 0 8 4
P 5.82012206376 7.3312775428 0 8 4
P 13.3488880658 9.5839602126 0 65 3
P 6.44484376502 2.279039900385 0 65 3
P 9.8968659154 17.9315000565 0 87 0
P 19.6076872841 20.3153097839 3 100 5
P 0.186044546694 15.54769032907 4 100 5
P 7.9993049407 16.13148225206 0 45 5
P 11.7944268901 19.7315178609 0 45 5
P 0.590753082538 12 0 46 1
P 19.2029787483 23.863000113 0 46 1
P 4.44797947117 19.9386541938 0 46 1
P 15.3457523596 15.9243459192 0 46 1
P 13.2344792564 18.39788519675 0 85 2
P 6.5592525744 17.4651149162 0 85 2
P 10.9197602609 15.34880343168 0 73 2
P 8.87397156994 20.5141966813 0 73 2
P 19.7937318308 17.9149697622 0 50 2
P 0.0 17.94803035075 0 50 2
P 17.9218985582 23.45436026935 0 36 2
P 1.87183327255 12.4086398436075 0 36 2
P 11.9446822181 14.91386086249 0 29 2
P 7.84904961265 20.9491392505 0 29 2
P 13.973609767 16.53172257019 0 8 4
P 5.82012206376 19.3312775428 0 8 4
P 13.3488880658 21.5839602126 0 65 3
P 6.44484376502 14.279039900385 0 65 3
