P 11.2778687869 5.36980432235 0 116 0
P 17.8252155919 6.42840671545 1 100 5
P 4.73052198191 4.311201929205 2 100 5
P 4.80663222534 1.973961986475 0 31 5
P 17.7491053485 8.7656466582 0 31 5
P 9.51939550596 0.69734178537 0 27 2
P 13.0363420679 10.0422668593 0 27 2
P 3.75220987603 2.7403041453 0 10 5
P 18.8035276978 7.99930449935 0 10 5
P 21.2876216854 0 0 63 2
P 1.2681158885 10.73960864465 0 63 2
P 6.80640439042 2.223009470265 0 13 5
P 15.7493331834 8.5165991744 0 13 5
P 22.5557375739 2.38818136139 0 2 3
P 0.0 8.3514272833 0 2 3
P 3.6361631822 7.37781390705 0 78 4
P 18.9195743916 3.36179473764 0 78 4
P 13.2658563708 1.824262174315 0 46 2
P 9.28988120302 8.91534647035 0 46 2
P 11.0145436421 6.4443750514 0 14 1
P 11.5411939317 4.29523359326 0 14 1
P 7.76592163856 1.37617293339 0 36 4
P 14.7898159353 9.3634357113 0 36 4
P 11.2778687869 17.36980432235 0 116 0
P 17.8252155919 18.42840671545 3 100 5
P 4.73052198191 16.311201929205 4 100 5
P 4.80663222534 13.973961986475 0 31 5
P 17.7491053485 20.7656466582 0 31 5
P 9.51939550596 12.69734178537 0 27 2
P 13.0363420679 22.0422668593 0 27 2
P 3.75220987603 14.7403041453 0 10 5
P 18.8035276978 19.99930449935 0 10 5
P 21.2876216854 12 0 63 2
P 1.2681158885 22.73960864465 0 63 2
P 6.80640439042 14.223009470265 0 13 5
P 15.7493331834 20.5165991744 0 13 5
P 22.5557375739 14.38818136139 0 2 3
P 0.0 20.3514272833 0 2 3
P 3.6361631822 19.37781390705 0 78 4
P 18.9195743916 15.36179473764 0 78 4
P 13.2658563708 13.824262174315 0 46 2
P 9.28988120302 20.91534647035 0 46 2
P 11.0145436421 18.4443750514 0 14 1
P 11.5411939317 16.29523359326 0 14 1
P 7.76592163856 13.37617293339 0 36 4
P 14.7898159353 21.3634357113 0 36 4
