P 11.5719907163 5.8111951806 0 99 0
P 18.3719879034 6.7307561685 1 100 5
P 4.7719935293 4.89163419273 2 100 5
P 11.8587466184 10.9987328334 0 12 3
P 11.2852348143 0.623657527855 0 12 3
P 1.72689288 6.7619817003 0 68 3
P 21.4170885527 4.860408660925 0 68 3
P 6.18307670038 0 0 28 4
P 16.9609047323 11.62239036125 0 28 4
P 19.7320602049 11.02592022965 0 5 1
P 3.41192122778 0.596470131605 0 5 1
P 5.94232005045 2.2230381687 0 61 1
P 17.2016613822 9.39935219255 0 61 1
P 0.0 9.74525053895 0 41 4
P 23.1439814327 1.877139822285 0 41 4
P 20.7184196698 7.88761935115 0 64 3
P 2.42556176286 3.734771010075 0 64 3
P 21.1611448304 1.75576582231 0 90 2
P 1.98283660226 9.86662453895 0 90 2
P 8.96332022536 3.727345531705 0 2 3
P 14.1806612073 7.89504482955 0 2 3
P 4.76969526582 3.51058137366 0 64 3
P 18.3742861668 8.1118089876 0 64 3
P 11.5719907163 17.8111951806 0 99 0
P 18.3719879034 18.7307561685 3 100 5
P 4.7719935293 16.89163419273 4 100 5
P 11.8587466184 22.9987328334 0 12 3
P 11.2852348143 12.623657527855 0 12 3
P 1.72689288 18.7619817003 0 68 3
P 21.4170885527 16.860408660925 0 68 3
P 6.18307670038 12 0 28 4
P 16.9609047323 23.62239036125 0 28 4
P 19.7320602049 23.02592022965 0 5 1
P 3.41192122778 12.596470131605 0 5 1
P 5.94232005045 14.2230381687 0 61 1
P 17.2016613822 21.39935219255 0 61 1
P 0.0 21.74525053895 0 41 4
P 23.1439814327 13.877139822285 0 41 4
P 20.7184196698 19.88761935115 0 64 3
P 2.42556176286 15.734771010075 0 64 3
P 21.1611448304 13.75576582231 0 90 2
P 1.98283660226 21.86662453895 0 90 2
P 8.96332022536 15.727345531705 0 2 3
P 14.1806612073 19.89504482955 0 2 3
P 4.76969526582 15.51058137366 0 64 3
P 18.3742861668 20.1118089876 0 64 3
