P 11.9509413016 4.7696330255 0 118 4
P 8.1781728535 3.285807940875 1 100 5
P 15.7237097497 6.2534581101 2 100 5
P 10.1566183478 3.56100902286 0 33 4
P 13.7452642553 5.97825702815 0 33 4
P 7.3376857855 0 0 25 5
P 16.5641968177 9.539266051 0 25 5
P 0.0 8.42274855705 0 90 1
P 23.9018826032 1.11651749393 0 90 1
P 19.9604259201 3.195247436045 0 64 4
P 3.94145668309 6.34401861495 0 64 4
P 10.2311754494 1.86153484711 0 60 1
P 13.6707071538 7.6777312039 0 60 1
P 21.4933276872 6.755858318 0 64 1
P 2.40855491601 2.78340773299 0 64 1
P 15.424527328 4.22362991705 0 10 3
P 8.47735527516 5.31563613395 0 10 3
P 0.140592060522 5.57461598575 0 83 4
P 23.7612905426 3.96465006525 0 83 4
P 4.56263586921 8.27946476615 0 21 3
P 19.3392467339 1.259801284835 0 21 3
P 0.578131497062 7.9411767632 0 25 3
P 23.3237511061 1.598089287805 0 25 3
P 11.9509413016 16.7696330255 0 118 4
P 8.1781728535 15.285807940875 3 100 5
P 15.7237097497 18.2534581101 4 100 5
P 10.1566183478 15.56100902286 0 33 4
P 13.7452642553 17.97825702815 0 33 4
P 7.3376857855 12 0 25 5
P 16.5641968177 21.539266051 0 25 5
P 0.0 20.42274855705 0 90 1
P 23.9018826032 13.11651749393 0 90 1
P 19.9604259201 15.195247436045 0 64 4
P 3.94145668309 18.34401861495 0 64 4
P 10.2311754494 13.86153484711 0 60 1
P 13.6707071538 19.6777312039 0 60 1
P 21.4933276872 18.755858318 0 64 1
P 2.40855491601 14.78340773299 0 64 1
P 15.424527328 16.22362991705 0 10 3
P 8.47735527516 17.31563613395 0 10 3
P 0.140592060522 17.57461598575 0 83 4
P 23.7612905426 15.96465006525 0 83 4
P 4.56263586921 20.27946476615 0 21 3
P 19.3392467339 13.259801284835 0 21 3
P 0.578131497062 19.9411767632 0 25 3
P 23.3237511061 13.598089287805 0 25 3
