P 11.5539245068 5.8507796086 0 82 0
P 5.30361847885 2.41211356388 1 100 5
P 17.8042305348 9.2894456533 2 100 5
P 11.0608944326 1.747273422725 0 61 5
P 12.046954581 9.95428579445 0 61 5
P 9.06187987381 11.7015592172 0 36 1
P 14.0459691399 0 0 36 1
P 15.0988879582 3.565488435205 0 7 3
P 8.0089610555 8.136070782 0 7 3
P 3.31673230599 10.22260802855 0 32 5
P 19.7911167077 1.478951188635 0 32 5
P 9.00443221077 3.751012463335 0 23 5
P 14.1034168029 7.95054675385 0 23 5
P 16.2465663487 8.8340910205 0 41 3
P 6.86128266496 2.867468196705 0 41 3
P 0.173931398198 2.57103424191 0 35 3
P 22.9339176155 9.1305249753 0 35 3
P 2.13675699744 0.508364186495 0 13 3
P 20.9710920162 11.1931950307 0 13 3
P 23.1078490137 4.24580560238 0 77 5
P 0.0 7.4557536148 0 77 5
P 4.26472676108 4.476005004915 0 29 5
P 18.8431222526 7.22555421225 0 29 5
P 11.5539245068 17.8507796086 0 82 0
P 5.30361847885 14.41211356388 3 100 5
P 17.8042305348 21.2894456533 4 100 5
P 11.0608944326 13.747273422725 0 61 5
P 12.046954581 21.95428579445 0 61 5
P 9.06187987381 23.7015592172 0 36 1
P 14.0459691399 12 0 36 1
P 15.0988879582 15.565488435205 0 7 3
P 8.0089610555 20.136070782 0 7 3
P 3.31673230599 22.22260802855 0 32 5
P 19.7911167077 13.478951188635 0 32 5
P 9.00443221077 15.751012463335 0 23 5
P 14.1034168029 19.95054675385 0 23 5
P 16.2465663487 20.8340910205 0 41 3
P 6.86128266496 14.867468196705 0 41 3
P 0.173931398198 14.57103424191 0 35 3
P 22.9339176155 21.1305249753 0 35 3
P 2.13675699744 12.508364186495 0 13 3
P 20.9710920162 23.1931950307 0 13 3
P 23.1078490137 16.24580560238 0 77 5
P 0.0 19.4557536148 0 77 5
P 4.26472676108 16.476005004915 0 29 5
P 18.8431222526 19.22555421225 0 29 5
