P 11.8981471989 5.86742401785 0 58 5
P 0.0 3.12758279161 1 100 5
P 23.7962943978 8.6072652441 2 100 5
P 14.9575858566 5.3615105846 0 36 4
P 8.83870854116 6.3733374511 0 36 4
P 13.9486641818 4.719684213915 0 7 2
P 9.8476302159 7.0151638218 0 7 2
P 0.0799224517035 2.463282477175 0 35 1
P 23.716371946 9.2715655585 0 35 1
P 5.85668740881 0 0 18 2
P 17.9396069889 11.7348480357 0 18 2
P 10.6562818461 4.05784899116 0 4 4
P 13.1400125517 7.67699904455 0 4 4
P 8.29366240856 1.295875923955 0 16 1
P 15.5026319892 10.43897211175 0 16 1
P 7.99720531304 8.618875834 0 50 4
P 15.7990890847 3.11597220169 0 50 4
P 17.2952460157 6.8937743133 0 35 3
P 6.50104838201 4.841073722405 0 35 3
P 16.3619422747 9.11348821375 0 25 1
P 7.43435212305 2.621359821945 0 25 1
P 23.0480149849 7.78743754025 0 66 2
P 0.748279412824 3.947410495445 0 66 2
P 11.8981471989 17.86742401785 0 58 5
P 0.0 15.12758279161 3 100 5
P 23.7962943978 20.6072652441 4 100 5
P 14.9575858566 17.3615105846 0 36 4
P 8.83870854116 18.3733374511 0 36 4
P 13.9486641818 16.719684213915 0 7 2
P 9.8476302159 19.0151638218 0 7 2
P 0.0799224517035 14.463282477175 0 35 1
P 23.716371946 21.2715655585 0 35 1
P 5.85668740881 12 0 18 2
P 17.9396069889 23.7348480357 0 18 2
P 10.6562818461 16.05784899116 0 4 4
P 13.1400125517 19.67699904455 0 4 4
P 8.29366240856 13.295875923955 0 16 1
P 15.5026319892 22.43897211175 0 16 1
P 7.99720531304 20.618875834 0 50 4
P 15.7990890847 15.11597220169 0 50 4
P 17.2952460157 18.8937743133 0 35 3
P 6.50104838201 16.841073722405 0 35 3
P 16.3619422747 21.11348821375 0 25 1
P 7.43435212305 14.621359821945 0 25 1
P 23.0480149849 19.78743754025 0 66 2
P 0.748279412824 15.947410495445 0 66 2
