P 11.7929821158 5.73057073915 0 65 1
P 0.0142265107056 0 1 100 5
P 23.571737721 11.46114147825 2 100 5
P 3.65875332838 4.04207809662 0 85 4
P 19.9272109033 7.41906338165 0 85 4
P 0.0 4.45086304435 0 19 4
P 23.5859642317 7.0102784339 0 19 4
P 13.905396215 5.5829331476 0 70 5
P 9.68056801671 5.8782083307 0 70 5
P 16.225250364 6.4129401723 0 63 1
P 7.3607138677 5.04820130595 0 63 1
P 16.9718154612 1.605653107615 0 64 1
P 6.61414877047 9.85548837065 0 64 1
P 21.3589838958 6.68846502875 0 54 4
P 2.22698033593 4.7726764495 0 54 4
P 6.43275777752 2.044267601125 0 69 2
P 17.1532064542 9.41687387715 0 69 2
P 18.123233465 10.0262239174 0 38 4
P 5.4627307667 1.434917560875 0 38 4
P 21.59654448 11.4117044472 0 42 5
P 1.98941975167 0.04943703106915 0 42 5
P 16.0637468762 7.97894094965 0 41 3
P 7.52221735546 3.48220052862 0 41 3
P 11.7929821158 17.73057073915 0 65 1
P 0.0142265107056 12 3 100 5
P 23.571737721 23.46114147825 4 100 5
P 3.65875332838 16.04207809662 0 85 4
P 19.9272109033 19.41906338165 0 85 4
P 0.0 16.45086304435 0 19 4
P 23.5859642317 19.0102784339 0 19 4
P 13.905396215 17.5829331476 0 70 5
P 9.68056801671 17.8782083307 0 70 5
P 16.225250364 18.4129401723 0 63 1
P 7.3607138677 17.04820130595 0 63 1
P 16.9718154612 13.605653107615 0 64 1
P 6.61414877047 21.85548837065 0 64 1
P 21.3589838958 18.68846502875 0 54 4
P 2.22698033593 16.7726764495 0 54 4
P 6.43275777752 14.044267601125 0 69 2
P 17.1532064542 21.41687387715 0 69 2
P 18.123233465 22.0262239174 0 38 4
P 5.4627307667 13.434917560875 0 38 4
P 21.59654448 23.4117044472 0 42 5
P 1.98941975167 12.0494370310692 0 42 5
P 16.0637468762 19.97894094965 0 41 3
P 7.52221735546 15.48220052862 0 41 3
