P 10.9059831125 5.1361746626 0 57 3
P 11.3115126444 1.75359958773 1 100 5
P 10.5004535806 8.5187497375 2 100 5
P 10.6296075082 4.24459019438 0 87 3
P 11.1823587167 6.02775913085 0 87 3
P 21.811966225 8.06848636045 0 49 5
P 0.0 2.203862964745 0 49 5
P 1.96184427703 4.84282887311 0 51 3
P 19.850121948 5.4295204521 0 51 3
P 14.0488611964 7.02497336385 0 76 3
P 7.76310502854 3.247375961375 0 76 3
P 7.05696943688 5.326085354 0 31 1
P 14.7549967881 4.94626397122 0 31 1
P 9.55759334436 0.903834112405 0 2 3
P 12.2543728806 9.3685152128 0 2 3
P 16.7712484417 9.89512038075 0 80 1
P 5.04071778326 0.3772289444705 0 80 1
P 18.0205302983 9.52461506485 0 48 4
P 3.79143592666 0.74773426037 0 48 4
P 21.3302788177 0 0 46 2
P 0.481687407276 10.2723493252 0 46 2
P 2.41782370352 1.84813322865 0 34 2
P 19.3941425215 8.42421609655 0 34 2
P 10.9059831125 17.1361746626 0 57 3
P 11.3115126444 13.75359958773 3 100 5
P 10.5004535806 20.5187497375 4 100 5
P 10.6296075082 16.24459019438 0 87 3
P 11.1823587167 18.02775913085 0 87 3
P 21.811966225 20.06848636045 0 49 5
P 0.0 14.203862964745 0 49 5
P 1.96184427703 16.84282887311 0 51 3
P 19.850121948 17.4295204521 0 51 3
P 14.0488611964 19.02497336385 0 76 3
P 7.76310502854 15.247375961375 0 76 3
P 7.05696943688 17.326085354 0 31 1
P 14.7549967881 16.94626397122 0 31 1
P 9.55759334436 12.903834112405 0 2 3
P 12.2543728806 21.3685152128 0 2 3
P 16.7712484417 21.89512038075 0 80 1
P 5.04071778326 12.3772289444705 0 80 1
P 18.0205302983 21.52461506485 0 48 4
P 3.79143592666 12.74773426037 0 48 4
P 21.3302788177 12 0 46 2
P 0.481687407276 22.2723493252 0 46 2
P 2.41782370352 13.84813322865 0 34 2
P 19.3941425215 20.42421609655 0 34 2
