P 11.3490759028 5.6677396046 0 126 3
P 5.59882898293 10.8193465338 1 100 5
P 17.0993228226 0.51613267539 2 100 5
P 0.0 1.076095729345 0 86 1
P 22.6981518056 10.25938347985 0 86 1
P 15.1976982466 7.8804692791 0 70 2
P 7.50045355897 3.45500993007 0 70 2
P 3.16337628693 9.9922764841 0 36 3
P 19.5347755186 1.343202725065 0 36 3
P 17.6866240714 3.01259305879 0 46 2
P 5.01152773412 8.3228861504 0 46 2
P 18.3864981669 4.54455605148 0 31 5
P 4.31165363866 6.7909231577 0 31 5
P 1.87630934191 4.69824759897 0 54 2
P 20.8218424637 6.6372316102 0 54 2
P 12.105059407 1.3276307303 0 35 4
P 10.5930923985 10.0078484789 0 35 4
P 21.5607729198 0 0 50 3
P 1.13737888581 11.3354792092 0 50 3
P 12.5822493586 8.14307645005 0 21 3
P 10.115902447 3.19240275914 0 21 3
P 12.6032017648 2.22882088882 0 42 1
P 10.0949500408 9.10665832035 0 42 1
P 11.3490759028 17.6677396046 0 126 3
P 5.59882898293 22.8193465338 3 100 5
P 17.0993228226 12.51613267539 4 100 5
P 0.0 13.076095729345 0 86 1
P 22.6981518056 22.25938347985 0 86 1
P 15.1976982466 19.8804692791 0 70 2
P 7.50045355897 15.45500993007 0 70 2
P 3.16337628693 21.9922764841 0 36 3
P 19.5347755186 13.343202725065 0 36 3
P 17.6866240714 15.01259305879 0 46 2
P 5.01152773412 20.3228861504 0 46 2
P 18.3864981669 16.54455605148 0 31 5
P 4.31165363866 18.7909231577 0 31 5
P 1.87630934191 16.69824759897 0 54 2
P 20.8218424637 18.6372316102 0 54 2
P 12.105059407 13.3276307303 0 35 4
P 10.5930923985 22.0078484789 0 35 4
P 21.5607729198 12 0 50 3
P 1.13737888581 23.3354792092 0 50 3
P 12.5822493586 20.14307645005 0 21 3
P 10.115902447 15.19240275914 0 21 3
P 12.6032017648 14.22882088882 0 42 1
P 10.0949500408 21.10665832035 0 42 1
