P 11.4136129064 5.8976696173 0 17 3
P 21.8542081983 1.99046917673 1 100 5
P 0.973017614536 9.80487005785 2 100 5
P 6.93749442749 0.4351639329715 0 51 3
P 15.8897313853 11.3601753016 0 51 3
P 22.8272258128 5.46795526025 0 9 5
P 0.0 6.3273839743 0 9 5
P 2.85285747276 1.62886704351 0 26 2
P 19.9743683401 10.1664721911 0 26 2
P 11.3461065945 5.32600654435 0 15 1
P 11.4811192183 6.46933269025 0 15 1
P 6.93855269599 4.307094441065 0 5 2
P 15.8886731169 7.4882447935 0 5 2
P 16.3387128168 4.068656015165 0 64 3
P 6.48851299607 7.7266832194 0 64 3
P 4.29580542761 3.370757547215 0 74 3
P 18.5314203852 8.42458168735 0 74 3
P 9.6969178108 2.453750772815 0 55 3
P 13.130308002 9.34158846175 0 55 3
P 3.48056511907 5.832350958 0 43 3
P 19.3466606938 5.9629882766 0 43 3
P 5.58877877277 11.7953392346 0 53 3
P 17.2384470401 0 0 53 3
P 11.4136129064 17.8976696173 0 17 3
P 21.8542081983 13.99046917673 3 100 5
P 0.973017614536 21.80487005785 4 100 5
P 6.93749442749 12.4351639329715 0 51 3
P 15.8897313853 23.3601753016 0 51 3
P 22.8272258128 17.46795526025 0 9 5
P 0.0 18.3273839743 0 9 5
P 2.85285747276 13.62886704351 0 26 2
P 19.9743683401 22.1664721911 0 26 2
P 11.3461065945 17.32600654435 0 15 1
P 11.4811192183 18.46933269025 0 15 1
P 6.93855269599 16.307094441065 0 5 2
P 15.8886731169 19.4882447935 0 5 2
P 16.3387128168 16.068656015165 0 64 3
P 6.48851299607 19.7266832194 0 64 3
P 4.29580542761 15.370757547215 0 74 3
P 18.5314203852 20.42458168735 0 74 3
P 9.6969178108 14.453750772815 0 55 3
P 13.130308002 21.34158846175 0 55 3
P 3.48056511907 17.832350958 0 43 3
P 19.3466606938 17.9629882766 0 43 3
P 5.58877877277 23.7953392346 0 53 3
P 17.2384470401 12 0 53 3
