P 11.9319237634 5.3162811121 0 134 2
P 13.5821241085 0 1 100 5
P 10.2817234182 10.63256222425 2 100 5
P 1.65129362214 3.57040742735 0 84 1
P 22.2125539046 7.0621547969 0 84 1
P 11.5222143343 7.9402340129 0 2 2
P 12.3416331924 2.69232821135 0 2 2
P 10.9280072588 0.2508965139775 0 31 1
P 12.9358402679 10.38166571025 0 31 1
P 8.06192476614 8.48153861035 0 77 1
P 15.8019227606 2.151023613875 0 77 1
P 23.8638475267 1.324885969145 0 35 1
P 0.0 9.3076762551 0 35 1
P 0.82828035712 2.092724735875 0 28 4
P 23.0355671696 8.53983748835 0 28 4
P 3.2623129104 5.45818267625 0 28 1
P 20.6015346163 5.17437954795 0 28 1
P 10.2327574471 6.4376270307 0 25 5
P 13.6310900796 4.19493519352 0 25 5
P 2.57887676881 8.30711282625 0 44 2
P 21.2849707579 2.325449397985 0 44 2
P 18.5878172704 4.64747662452 0 27 4
P 5.27603025636 5.9850855997 0 27 4
P 11.9319237634 17.3162811121 0 134 2
P 13.5821241085 12 3 100 5
P 10.2817234182 22.63256222425 4 100 5
P 1.65129362214 15.57040742735 0 84 1
P 22.2125539046 19.0621547969 0 84 1
P 11.5222143343 19.9402340129 0 2 2
P 12.3416331924 14.69232821135 0 2 2
P 10.9280072588 12.2508965139775 0 31 1
P 12.9358402679 22.38166571025 0 31 1
P 8.06192476614 20.48153861035 0 77 1
P 15.8019227606 14.151023613875 0 77 1
P 23.8638475267 13.324885969145 0 35 1
P 0.0 21.3076762551 0 35 1
P 0.82828035712 14.092724735875 0 28 4
P 23.0355671696 20.53983748835 0 28 4
P 3.2623129104 17.45818267625 0 28 1
P 20.6015346163 17.17437954795 0 28 1
P 10.2327574471 18.4376270307 0 25 5
P 13.6310900796 16.19493519352 0 25 5
P 2.57887676881 20.30711282625 0 44 2
P 21.2849707579 14.325449397985 0 44 2
P 18.5878172704 16.64747662452 0 27 4
P 5.27603025636 17.9850855997 0 27 4
