P 11.8552411883 4.958885464245 0 50 3
P 5.11832745535 6.65988186435 1 100 5
P 18.5921549213 3.257889064135 2 100 5
P 7.21909816326 1.827799280875 0 43 1
P 16.4913842133 8.0899716476 0 43 1
P 18.6863010671 8.3370671104 0 64 3
P 5.02418130952 1.580703818105 0 64 3
P 11.5435122022 7.42786401765 0 11 4
P 12.1669701744 2.48990691083 0 11 4
P 22.6080321713 9.1340915688 0 27 2
P 1.10245020532 0.783679359675 0 27 2
P 21.5419665073 2.05904769321 0 18 1
P 2.16851586933 7.8587232353 0 18 1
P 17.4217193152 4.83546444663 0 34 3
P 6.28876306138 5.08230648185 0 34 3
P 23.7104823766 9.0376703765 0 71 1
P 0.0 0.880100551995 0 71 1
P 10.7667493866 9.9177709285 0 1 1
P 12.94373299 0 0 1 1
P 21.2421000406 3.40323055081 0 24 4
P 2.468382336 6.5145403777 0 24 4
P 15.922046279 1.05610829265 0 80 5
P 7.78843609758 8.86166263585 0 80 5
P 11.8552411883 16.958885464245 0 50 3
P 5.11832745535 18.65988186435 3 100 5
P 18.5921549213 15.257889064135 4 100 5
P 7.21909816326 13.827799280875 0 43 1
P 16.4913842133 20.0899716476 0 43 1
P 18.6863010671 20.3370671104 0 64 3
P 5.02418130952 13.580703818105 0 64 3
P 11.5435122022 19.42786401765 0 11 4
P 12.1669701744 14.48990691083 0 11 4
P 22.6080321713 21.1340915688 0 27 2
P 1.10245020532 12.783679359675 0 27 2
P 21.5419665073 14.05904769321 0 18 1
P 2.16851586933 19.8587232353 0 18 1
P 17.4217193152 16.83546444663 0 34 3
P 6.28876306138 17.08230648185 0 34 3
P 23.7104823766 21.0376703765 0 71 1
P 0.0 12.880100551995 0 71 1
P 10.7667493866 21.9177709285 0 1 1
P 12.94373299 12 0 1 1
P 21.2421000406 15.40323055081 0 24 4
P 2.468382336 18.5145403777 0 24 4
P 15.922046279 13.05610829265 0 80 5
P 7.78843609758 20.86166263585 0 80 5
