P 9.55816433608 4.669657573605 0 19 3
P 18.616733766 5.9589511453 1 100 5
P 0.499594906182 3.380364001915 2 100 5
P 5.94193690626 5.0834128117 0 67 5
P 13.1743917659 4.255902335515 0 67 5
P 15.2675310004 9.3393151472 0 83 2
P 3.84879767176 0 0 83 2
P 4.06807017374 2.028648106065 0 38 3
P 15.0482584984 7.31066704115 0 38 3
P 15.9969498476 8.37246556275 0 58 5
P 3.11937882454 0.966849584445 0 58 5
P 6.30328782487 3.44353377511 0 7 3
P 12.8130408473 5.8957813721 0 7 3
P 7.2447791018 2.04395706858 0 11 1
P 11.8715495704 7.29535807865 0 11 1
P 0.0 6.0987384587 0 29 1
P 19.1163286722 3.240576688505 0 29 1
P 3.76816247258 9.01794164495 0 69 5
P 15.3481661996 0.32137350227 0 69 5
P 10.8809089872 4.820638580415 0 51 1
P 8.23541968499 4.5186765668 0 51 1
P 3.36028284965 4.61831417511 0 31 4
P 15.7560458225 4.721000972105 0 31 4
P 9.55816433608 16.669657573605 0 19 3
P 18.616733766 17.9589511453 3 100 5
P 0.499594906182 15.380364001915 4 100 5
P 5.94193690626 17.0834128117 0 67 5
P 13.1743917659 16.255902335515 0 67 5
P 15.2675310004 21.3393151472 0 83 2
P 3.84879767176 12 0 83 2
P 4.06807017374 14.028648106065 0 38 3
P 15.0482584984 19.31066704115 0 38 3
P 15.9969498476 20.37246556275 0 58 5
P 3.11937882454 12.966849584445 0 58 5
P 6.30328782487 15.44353377511 0 7 3
P 12.8130408473 17.8957813721 0 7 3
P 7.2447791018 14.04395706858 0 11 1
P 11.8715495704 19.29535807865 0 11 1
P 0.0 18.0987384587 0 29 1
P 19.1163286722 15.240576688505 0 29 1
P 3.76816247258 21.01794164495 0 69 5
P 15.3481661996 12.32137350227 0 69 5
P 10.8809089872 16.820638580415 0 51 1
P 8.23541968499 16.5186765668 0 51 1
P 3.36028284965 16.61831417511 0 31 4
P 15.7560458225 16.721000972105 0 31 4
