P 11.8227568034 5.3748868279 0 72 1
P 3.18428706843 10.6381085617 1 100 5
P 20.4612265384 0.111665094071 2 100 5
P 18.4712947229 0.67627858677 0 90 1
P 5.1742188839 10.073495069 0 90 1
P 14.9205785145 4.445605505305 0 90 3
P 8.72493509227 6.30416815045 0 90 3
P 12.1902951961 4.713651535245 0 44 3
P 11.4552184106 6.03612212055 0 44 3
P 10.0262638662 1.518406470905 0 73 2
P 13.6192497406 9.23136718485 0 73 2
P 17.5207265344 7.56371019445 0 61 1
P 6.12478707235 3.186063461325 0 61 1
P 15.5633871423 9.9901096388 0 48 3
P 8.08212646447 0.75966401698 0 48 3
P 5.62231123212 8.9477450908 0 27 4
P 18.0232023747 1.80202856499 0 27 4
P 9.38879936576 5.3057384927 0 74 4
P 14.256714241 5.44403516305 0 74 4
P 23.118346409 9.34035094865 0 73 3
P 0.527167197733 1.40942270712 0 73 3
P 0.0 0 0 64 4
P 23.6455136068 10.74977365575 0 64 4
P 11.8227568034 17.3748868279 0 72 1
P 3.18428706843 22.6381085617 3 100 5
P 20.4612265384 12.111665094071 4 100 5
P 18.4712947229 12.67627858677 0 90 1
P 5.1742188839 22.073495069 0 90 1
P 14.9205785145 16.445605505305 0 90 3
P 8.72493509227 18.30416815045 0 90 3
P 12.1902951961 16.713651535245 0 44 3
P 11.4552184106 18.03612212055 0 44 3
P 10.0262638662 13.518406470905 0 73 2
P 13.6192497406 21.23136718485 0 73 2
P 17.5207265344 19.56371019445 0 61 1
P 6.12478707235 15.186063461325 0 61 1
P 15.5633871423 21.9901096388 0 48 3
P 8.08212646447 12.75966401698 0 48 3
P 5.62231123212 20.9477450908 0 27 4
P 18.0232023747 13.80202856499 0 27 4
P 9.38879936576 17.3057384927 0 74 4
P 14.256714241 17.44403516305 0 74 4
P 23.118346409 21.34035094865 0 73 3
P 0.527167197733 13.40942270712 0 73 3
P 0.0 12 0 64 4
P 23.6455136068 22.74977365575 0 64 4
