P 11.873125314 5.88858869255 0 131 5
P 4.57103798126 7.1715587398 1 100 5
P 19.1752126467 4.605618645275 2 100 5
P 13.9673389596 0 0 79 4
P 9.77891166836 11.77717738505 0 79 4
P 3.82370469987 4.628844707415 0 32 1
P 19.9225459281 7.14833267765 0 32 1
P 4.26523224108 9.10861432635 0 71 3
P 19.4810183868 2.66856305874 0 71 3
P 7.6923933175 11.5317106833 0 54 3
P 16.0538573104 0.245466701775 0 54 3
P 0.983608276109 2.01731937798 0 53 2
P 22.7626423518 9.7598580071 0 53 2
P 1.1734828633 2.748404540385 0 31 4
P 22.5727677646 9.0287728447 0 31 4
P 16.0537685199 8.36881450445 0 50 5
P 7.69248210801 3.408362880625 0 50 5
P 9.7032993158 3.501558385785 0 21 5
P 14.0429513121 8.2756189993 0 21 5
P 21.0413740959 3.140867637395 0 66 2
P 2.70487653198 8.6363097477 0 66 2
P 23.7462506279 0.428974148698 0 52 3
P 0.0 11.3482032364 0 52 3
P 11.873125314 17.88858869255 0 131 5
P 4.57103798126 19.1715587398 3 100 5
P 19.1752126467 16.605618645275 4 100 5
P 13.9673389596 12 0 79 4
P 9.77891166836 23.77717738505 0 79 4
P 3.82370469987 16.628844707415 0 32 1
P 19.9225459281 19.14833267765 0 32 1
P 4.26523224108 21.10861432635 0 71 3
P 19.4810183868 14.66856305874 0 71 3
P 7.6923933175 23.5317106833 0 54 3
P 16.0538573104 12.245466701775 0 54 3
P 0.983608276109 14.01731937798 0 53 2
P 22.7626423518 21.7598580071 0 53 2
P 1.1734828633 14.748404540385 0 31 4
P 22.5727677646 21.0287728447 0 31 4
P 16.0537685199 20.36881450445 0 50 5
P 7.69248210801 15.408362880625 0 50 5
P 9.7032993158 15.501558385785 0 21 5
P 14.0429513121 20.2756189993 0 21 5
P 21.0413740959 15.140867637395 0 66 2
P 2.70487653198 20.6363097477 0 66 2
P 23.7462506279 12.428974148698 0 52 3
P 0.0 23.3482032364 0 52 3
