P 11.9841482404 5.7274688028 0 53 3
P 23.9652460334 0 1 100 5
P 0.00305044734613 11.4549376056 2 100 5
P 20.0642055779 2.75324813257 0 2 3
P 3.90409090286 8.70168947305 0 2 3
P 23.9682964808 6.20598482305 0 12 5
P 0.0 5.24895278255 0 12 5
P 12.6028222612 2.113726123505 0 39 4
P 11.3654742196 9.3412114821 0 39 4
P 8.47617665587 2.561952628815 0 59 4
P 15.4921198249 8.8929849768 0 59 4
P 3.93422827869 5.73593531145 0 32 3
P 20.0340682021 5.7190022942 0 32 3
P 23.0154508157 10.87888015085 0 66 2
P 0.952845665098 0.57605745475 0 66 2
P 5.18453643569 2.705159673975 0 57 2
P 18.7837600451 8.74977793165 0 57 2
P 10.73626797 11.01605148 0 64 5
P 13.2320285108 0.4388861256235 0 64 5
P 5.28053642048 0.03032586911895 0 35 3
P 18.6877600603 11.4246117365 0 35 3
P 9.90149124883 0.60380055328 0 7 4
P 14.066805232 10.85113705235 0 7 4
P 11.9841482404 17.7274688028 0 53 3
P 23.9652460334 12 3 100 5
P 0.00305044734613 23.4549376056 4 100 5
P 20.0642055779 14.75324813257 0 2 3
P 3.90409090286 20.70168947305 0 2 3
P 23.9682964808 18.20598482305 0 12 5
P 0.0 17.24895278255 0 12 5
P 12.6028222612 14.113726123505 0 39 4
P 11.3654742196 21.3412114821 0 39 4
P 8.47617665587 14.561952628815 0 59 4
P 15.4921198249 20.8929849768 0 59 4
P 3.93422827869 17.73593531145 0 32 3
P 20.0340682021 17.7190022942 0 32 3
P 23.0154508157 22.87888015085 0 66 2
P 0.952845665098 12.57605745475 0 66 2
P 5.18453643569 14.705159673975 0 57 2
P 18.7837600451 20.74977793165 0 57 2
P 10.73626797 23.01605148 0 64 5
P 13.2320285108 12.4388861256235 0 64 5
P 5.28053642048 12.030325869119 0 35 3
P 18.6877600603 23.4246117365 0 35 3
P 9.90149124883 12.60380055328 0 7 4
P 14.066805232 22.85113705235 0 7 4
