P 10.3054611107 5.6277253079 0 65 4
P 0.554380093738 6.22107654135 1 100 5
P 20.0565421277 5.03437407445 2 100 5
P 16.0997585967 0 0 88 5
P 4.51116362465 11.2554506158 0 88 5
P 12.7714861086 0.1188958897915 0 83 1
P 7.83943611277 11.136554726 0 83 1
P 3.89864945711 3.17038519366 0 42 1
P 16.7122727643 8.08506542215 0 42 1
P 0.0 10.5540706787 0 34 3
P 20.6109222214 0.701379937085 0 34 3
P 12.1351750735 9.60719909285 0 44 5
P 8.47574714789 1.648251522925 0 44 5
P 20.0868047836 8.0390704736 0 53 2
P 0.524117437757 3.216380142195 0 53 2
P 2.28695903249 7.30320209155 0 7 1
P 18.3239631889 3.952248524275 0 7 1
P 0.0787217785222 9.37107127825 0 4 1
P 20.5322004429 1.884379337575 0 4 1
P 13.3478944413 10.13784715735 0 55 1
P 7.26302778007 1.11760345844 0 55 1
P 15.7296013102 9.0612312081 0 82 3
P 4.88132091122 2.19421940769 0 82 3
P 10.3054611107 17.6277253079 0 65 4
P 0.554380093738 18.22107654135 3 100 5
P 20.0565421277 17.03437407445 4 100 5
P 16.0997585967 12 0 88 5
P 4.51116362465 23.2554506158 0 88 5
P 12.7714861086 12.1188958897915 0 83 1
P 7.83943611277 23.136554726 0 83 1
P 3.89864945711 15.17038519366 0 42 1
P 16.7122727643 20.08506542215 0 42 1
P 0.0 22.5540706787 0 34 3
P 20.6109222214 12.701379937085 0 34 3
P 12.1351750735 21.60719909285 0 44 5
P 8.47574714789 13.648251522925 0 44 5
P 20.0868047836 20.0390704736 0 53 2
P 0.524117437757 15.216380142195 0 53 2
P 2.28695903249 19.30320209155 0 7 1
P 18.3239631889 15.952248524275 0 7 1
P 0.0787217785222 21.37107127825 0 4 1
P 20.5322004429 13.884379337575 0 4 1
P 13.3478944413 22.13784715735 0 55 1
P 7.26302778007 13.11760345844 0 55 1
P 15.7296013102 21.0612312081 0 82 3
P 4.88132091122 14.19421940769 0 82 3
